data/ji2021/table5.csv
# %ECSV 1.0
# ---
# datatype:
# - name: recno
#   datatype: int32
#   description: Record number assigned by the VizieR team. Should Not be used for identification.
#   meta: !!omap
#   - {ucd: RECORD}
#   - {width: 8}
# - name: Gaia
#   datatype: int64
#   description: Gaia EDR3 Source ID
#   meta: !!omap
#   - {ucd: ID_MAIN}
#   - {width: 19}
# - name: RA_ICRS
#   unit: deg
#   datatype: float64
#   format: '{:9.5f}'
#   description: '[176.5/178.4] Right Ascension (ICRS) at Epoch=2015.5'
#   meta: !!omap
#   - {ucd: POS_EQ_RA_MAIN}
#   - {width: 9}
#   - {precision: '5'}
# - name: DE_ICRS
#   unit: deg
#   datatype: float64
#   format: '{:9.5f}'
#   description: '[-19.5/-17.4] Declination (ICRS) at Epoch=2015.5'
#   meta: !!omap
#   - {ucd: POS_EQ_DEC_MAIN}
#   - {width: 9}
#   - {precision: '5'}
# - name: Gmag
#   unit: mag
#   datatype: float32
#   format: '{:5.2f}'
#   description: '[16.34/20.23] Gaia EDR3 G-band magnitude'
#   meta: !!omap
#   - {ucd: PHOT_MAG_OPTICAL}
#   - {width: 5}
#   - {precision: '2'}
# - name: pmRA
#   unit: mas / yr
#   datatype: float32
#   format: '{:6.3f}'
#   description: '[-5.8/1.8] Gaia EDR3 Proper motion in Right Ascension'
#   meta: !!omap
#   - {ucd: POS_EQ_PMRA}
#   - {width: 6}
#   - {precision: '3'}
# - name: pmDE
#   unit: mas / yr
#   datatype: float32
#   format: '{:6.3f}'
#   description: '[-2.1/1.5] Gaia EDR3 Proper motion in Declination'
#   meta: !!omap
#   - {ucd: POS_EQ_PMDEC}
#   - {width: 6}
#   - {precision: '3'}
# - name: HRV
#   unit: km / s
#   datatype: float32
#   format: '{:6.2f}'
#   description: '[-32/367] Heliocentric Radial Velocity'
#   meta: !!omap
#   - {ucd: VELOC_HC}
#   - {width: 6}
#   - {precision: '2'}
# - name: e_HRV
#   unit: km / s
#   datatype: float32
#   format: '{:5.2f}'
#   description: '[0.8/10] Uncertainty in HRV'
#   meta: !!omap
#   - {ucd: ERROR}
#   - {width: 5}
#   - {precision: '2'}
# - name: '[Fe/H]1'
#   datatype: float32
#   format: '{:5.2f}'
#   description: '[-3.3/0.06] Metallicity, S5 data release (DR2.2)'
#   meta: !!omap
#   - {ucd: PHYS_ABUND_FE/H}
#   - {width: 5}
#   - {precision: '2'}
# - name: e_[Fe/H]1
#   datatype: float32
#   format: '{:5.2f}'
#   description: '[0.03/99] Uncertainty in [Fe/H]1'
#   meta: !!omap
#   - {ucd: ERROR}
#   - {width: 5}
#   - {precision: '2'}
# - name: '[Fe/H]2'
#   datatype: float32
#   format: '{:5.2f}'
#   description: '[-4.5/0.6] Metallicity, higher-resolution red calcium triplet (CaT)'
#   meta: !!omap
#   - {ucd: PHYS_ABUND_FE/H}
#   - {width: 5}
#   - {precision: '2'}
# - name: e_[Fe/H]2
#   datatype: float32
#   format: '{:5.2f}'
#   description: '[0.1/3] Uncertainty in [Fe/H]2'
#   meta: !!omap
#   - {ucd: ERROR}
#   - {width: 5}
#   - {precision: '2'}
# - name: Bin
#   datatype: string
#   description: '[YN] Binary Flag'
#   meta: !!omap
#   - {ucd: CODE_MISC}
#   - {_votable_string_dtype: char}
# - name: Mm
#   datatype: float32
#   format: '{:5.2f}'
#   description: '[0/1] Membership probability'
#   meta: !!omap
#   - {ucd: CODE_MEMB}
#   - {width: 5}
#   - {precision: '2'}
# - name: S/N
#   datatype: float32
#   format: '{:4.1f}'
#   description: '[3/26.4] Spectra Signal to Noise'
#   meta: !!omap
#   - {ucd: INST_S/N}
#   - {width: 4}
#   - {precision: '1'}
# - name: Simbad
#   datatype: string
#   description: Simbad column added by the CDS
#   meta: !!omap
#   - {ucd: DATA_LINK}
#   - {_votable_string_dtype: char}
#   - {_votable_arraysize: 6*}
# - name: _RA.icrs
#   unit: deg
#   datatype: float64
#   format: '{:9.5f}'
#   description: Right ascension (ICRS) at Epoch=J2000, proper motions taken into account
#   meta: !!omap
#   - {ucd: POS_EQ_RA_OTHER}
#   - {width: 9}
#   - {precision: '5'}
# - name: _DE.icrs
#   unit: deg
#   datatype: float64
#   format: '{:9.5f}'
#   description: Declination (ICRS) at Epoch=J2000, proper motions taken into account
#   meta: !!omap
#   - {ucd: POS_EQ_DEC_OTHER}
#   - {width: 9}
#   - {precision: '5'}
# meta: !!omap
# - {ID: J_ApJ_921_32_table5}
# - {name: J/ApJ/921/32/table5}
# - {description: Crater 2 data}
# schema: astropy-2.0
recno Gaia RA_ICRS DE_ICRS Gmag pmRA pmDE HRV e_HRV [Fe/H]1 e_[Fe/H]1 [Fe/H]2 e_[Fe/H]2 Bin Mm S/N Simbad _RA.icrs _DE.icrs
[from data line 122]
123 3543986629297609344 177.39624 -18.37834 19.65 -1.495 -1.387 97.74 2.93 -0.87 0.14 -0.65 0.57 N 0.01 6.4 Simbad 177.39625 -18.37833
124 3543987041614488064 177.39418 -18.34272 18.55 -0.022 -0.1 88.8 1.47 -1.54 0.11 -1.74 0.25 N 1.0 12.4 Simbad 177.39418 -18.34272
125 3543987453931363840 177.41117 -18.32789 19.9 0.07 0.331 90.4 3.96 -1.74 0.31 -1.24 0.78 N 1.0 3.4 Simbad 177.41117 -18.32789
126 3543987866248217856 177.54769 -18.3341 19.18 0.672 -0.11 87.04 3.65 -2.58 0.35 -2.51 0.58 N 1.0 4.2 Simbad 177.54769 -18.3341
127 3543988179782806912 177.53613 -18.30407 17.44 -0.167 -0.122 85.36 1.18 -1.72 0.13 -2.36 0.22 N 1.0 15.5 Simbad 177.53613 -18.30407
128 3543991130423416960 177.70502 -18.28072 19.43 -0.553 0.013 92.12 2.97 -1.9 0.34 -2.3 1.64 N 1.0 4.2 Simbad 177.70502 -18.28072
129 3543991439661073536 177.65441 -18.26889 18.03 -0.019 -0.156 92.72 1.22 -2.42 0.16 -2.28 0.16 N 1.0 14.0 Simbad 177.65441 -18.26889
130 3543994570694146816 177.61674 -18.24104 19.99 0.526 -0.087 92.53 5.87 -1.71 0.26 -1.01 0.66 N 1.0 4.0 Simbad 177.61674 -18.24104
131 3543995013073930496 177.67892 -18.20569 20.05 -1.129 -0.235 21.59 3.71 -0.76 0.19 -0.56 1.94 N 0.0 3.3 Simbad 177.67892 -18.20569
132 3543996013800990848 177.62171 -18.17679 19.45 -0.408 -0.152 84.19 3.78 -2.12 0.32 -2.31 0.36 N 1.0 4.9 Simbad 177.62171 -18.17679
133 3543996731060879104 177.68702 -18.17953 18.92 0.178 -0.249 90.35 2.54 -2.26 0.27 -2.52 0.59 N 1.0 6.7 Simbad 177.68702 -18.17953
134 3543997285113486336 177.7366 -18.13854 19.88 -0.109 -0.406 90.06 5.97 -2.32 0.31 -2.24 0.37 N 1.0 3.2 Simbad 177.7366 -18.13854
135 3543999514199568384 177.39945 -18.28769 19.54 0.488 -0.386 87.62 3.98 -2.41 0.29 -2.07 0.76 N 1.0 4.9 Simbad 177.39945 -18.28769
136 3543999857796941056 177.32023 -18.29852 20.04 -0.118 0.346 92.15 5.11 -2.33 0.31 -1.84 0.9 N 1.0 3.2 Simbad 177.32023 -18.29852
137 3543999960876171008 177.32982 -18.28291 18.36 0.0 -0.326 83.74 1.34 -1.92 0.14 -2.02 0.18 N 1.0 12.2 Simbad 177.32982 -18.28291
138 3544002812734578432 177.44195 -18.17033 19.06 -0.125 -0.206 90.15 1.99 -2.54 0.22 -2.52 0.29 N 1.0 7.2 Simbad 177.44195 -18.17033
139 3544003603008487040 177.32108 -18.23711 18.83 -0.12 -0.268 89.89 1.52 -1.98 0.18 -2.2 0.3 N 1.0 9.7 Simbad 177.32108 -18.23711
140 3544004049685127936 177.32911 -18.19598 18.8 -0.176 -0.046 86.64 1.96 -2.5 0.27 -2.69 0.27 N 1.0 9.4 Simbad 177.32911 -18.19598
141 3544004324563014912 177.27017 -18.21341 20.11 -3.085 1.111 87.65 3.67 -0.95 0.3 -1.04 1.12 N 0.0 3.8 Simbad 177.27018 -18.21341
142 3544007451299227776 177.53637 -18.19706 19.91 0.936 -0.299 88.92 3.74 -2.16 0.3 -2.43 0.45 N 1.0 3.5 Simbad 177.53637 -18.19706
143 3544007760536896128 177.52776 -18.17741 17.8 -0.043 -0.161 92.16 1.0 -1.98 0.15 -1.94 0.16 N 1.0 18.1 Simbad 177.52776 -18.17741
144 3544010341814070912 177.70233 -18.06211 19.97 -1.742 0.363 29.4 2.94 -0.82 0.17 -0.52 0.77 N 0.0 4.0 Simbad 177.70234 -18.06211
145 3544012124223736960 177.43335 -18.10388 19.46 -0.139 0.031 88.61 3.17 -2.83 0.28 -2.82 0.49 N 1.0 4.9 Simbad 177.43335 -18.10388
146 3544013464253588480 177.4086 -18.02574 19.23 0.757 -0.191 90.52 2.43 -2.85 0.25 -2.52 0.54 N 1.0 7.4 Simbad 177.4086 -18.02574
147 3544015289616367616 177.51168 -17.98833 17.96 -0.074 -0.127 92.82 1.05 -2.33 0.12 -2.45 0.23 N 1.0 16.3 Simbad 177.51168 -17.98833
148 3544021302570669184 177.85477 -18.06491 19.83 -0.05 -0.274 90.18 8.08 -2.75 99.0 -2.06 0.5 N 1.0 3.2 Simbad 177.85477 -18.06491
149 3544034148816095488 177.69709 -18.01285 17.86 -0.114 -0.213 91.06 1.41 0.06 0.37 -1.28 0.23 N 0.99 12.5 Simbad 177.69709 -18.01285
150 3544043258443498880 177.92037 -17.84301 17.83 -0.406 -0.093 86.65 1.12 -2.15 0.14 -2.02 0.19 N 1.0 15.1 Simbad 177.92037 -17.84301
151 3544047862648386176 177.81408 -17.74889 20.04 0.567 0.006 90.6 5.07 -1.84 0.42 -1.34 0.54 N 1.0 3.1 Simbad 177.81408 -17.74889
152 3544050091734226304 177.91387 -17.66182 18.03 -0.086 -0.118 89.35 1.94 -2.18 0.23 -2.35 0.2 N 1.0 7.4 Simbad 177.91387 -17.66182
153 3544063393249928064 176.79022 -18.51407 17.76 -0.144 -0.072 91.58 0.87 -2.11 0.22 -2.32 0.15 N 1.0 22.7 Simbad 176.79022 -18.51407
154 3544063629471079040 176.70842 -18.53879 19.71 -0.487 -0.178 99.66 7.2 -2.13 99.0 -2.47 0.3 N 1.0 3.7 Simbad 176.70842 -18.53879
155 3544065111236787072 176.55815 -18.54433 18.26 0.175 -0.04 89.08 1.56 -1.71 0.33 -1.74 0.2 N 1.0 10.0 Simbad 176.55815 -18.54433
156 3544089742872439680 176.93953 -18.36135 19.2 0.19 0.317 86.3 2.63 -2.2 0.32 -2.34 0.47 N 1.0 6.5 Simbad 176.93953 -18.36135
157 3544090120829961984 176.89137 -18.35824 19.13 0.487 0.016 85.62 1.92 -2.46 0.22 -2.38 0.28 N 1.0 7.7 Simbad 176.89137 -18.35824
158 3544090125126382208 176.89827 -18.36903 17.46 -0.178 -0.045 89.73 1.17 -0.5 0.44 -1.62 0.14 N 1.0 26.4 Simbad 176.89827 -18.36903
159 3544093251862573312 176.85217 -18.35144 18.66 0.085 -0.2 85.31 1.49 -1.56 0.16 -1.89 0.3 N 1.0 10.7 Simbad 176.85217 -18.35144
160 3544093831681308160 176.86898 -18.31186 20.01 -0.416 -0.31 88.52 5.27 -2.39 0.38 -2.26 1.56 N 1.0 3.6 Simbad 176.86898 -18.31186
161 3544093969120263936 176.89025 -18.28717 19.54 -1.084 -0.594 306.48 3.41 -1.47 0.19 -2.02 0.28 N 0.0 4.8 Simbad 176.89025 -18.28717
162 3544095412230471040 177.00635 -18.36108 20.01 -0.98 0.237 89.94 4.35 -1.91 0.48 -1.78 2.33 N 1.0 3.3 Simbad 177.00635 -18.36108
163 3544095721468117632 176.99973 -18.3333 19.31 -0.049 -0.171 86.89 3.07 -1.78 0.21 -2.37 0.63 N 1.0 6.0 Simbad 176.99973 -18.3333
164 3544095961986287744 177.0535 -18.3104 19.12 -0.129 0.125 85.46 2.31 -1.85 0.25 -1.65 0.3 N 1.0 7.3 Simbad 177.0535 -18.3104
165 3544098229729029760 177.13327 -18.23622 20.08 -2.44 -0.181 -16.39 2.9 -0.98 0.26 -1.72 0.44 N 0.0 5.2 Simbad 177.13328 -18.23622
166 3544099024298945792 177.04565 -18.20579 19.65 -0.368 0.239 84.52 4.51 -1.56 0.29 -2.02 1.69 N 1.0 4.0 Simbad 177.04565 -18.20579
167 3544099608412795392 177.06805 -18.16949 19.93 0.268 -0.023 90.91 5.38 -2.27 0.39 -2.62 0.47 N 1.0 3.5 Simbad 177.06805 -18.16949
168 3544102078019732608 177.00593 -18.19201 18.57 -0.308 -0.048 89.05 1.32 -2.02 0.26 -2.44 0.24 N 1.0 11.0 Simbad 177.00593 -18.19201
169 3544102215458688256 177.01494 -18.1733 20.18 -1.151 -1.47 81.35 5.55 -1.35 0.29 -0.9 0.67 N 0.07 3.1 Simbad 177.01495 -18.17329
170 3544102288473772672 176.99664 -18.17796 17.4 -0.015 -0.25 88.14 0.84 -2.51 0.05 -2.53 0.15 N 1.0 22.6 Simbad 176.99664 -18.17796
171 3544103727287184256 177.00478 -18.10633 19.45 -0.414 -0.46 87.85 2.78 -2.51 0.24 -2.46 0.79 N 1.0 5.8 Simbad 177.00478 -18.10633
172 3544107094540328192 176.81073 -18.2256 18.37 -0.811 -0.107 136.25 2.05 -1.41 0.17 -2.21 0.3 N 0.0 9.9 Simbad 176.81073 -18.2256
173 3544111771761521152 176.69744 -18.12185 18.69 -1.339 0.193 14.02 4.11 -1.01 0.28 -1.62 0.41 N 0.0 5.2 Simbad 176.69745 -18.12185
174 3544115890634569472 176.99668 -18.06466 19.79 -0.725 -1.289 138.34 5.9 -1.97 0.45 -2.3 0.52 N 0.0 3.6 Simbad 176.99668 -18.06465
175 3544119464048632960 176.74715 -18.00667 20.15 -4.01 1.092 19.99 5.08 -1.59 0.49 -2.35 1.07 N 0.0 3.2 Simbad 176.74717 -18.00667
176 3544120636574037120 176.87131 -17.95162 19.52 -0.678 0.254 90.47 4.66 -2.24 0.43 -1.41 0.45 N 1.0 4.7 Simbad 176.87131 -17.95162
177 3544192822087811072 177.23212 -18.13846 18.59 0.209 -0.239 89.87 1.28 -1.98 0.2 -2.09 0.22 N 1.0 12.1 Simbad 177.23212 -18.13846
178 3544192856447548288 177.25346 -18.14606 19.39 0.027 -0.1 82.35 2.87 -1.69 0.26 -1.83 0.32 N 1.0 6.3 Simbad 177.25346 -18.14606
179 3544192993886785792 177.20605 -18.1409 20.01 -0.143 -0.674 85.86 3.76 -1.99 0.35 -1.66 0.6 N 1.0 3.4 Simbad 177.20605 -18.1409
180 3544194162117613696 177.15567 -18.09825 19.7 -0.18 -0.247 93.08 3.85 -2.29 0.34 -1.49 0.49 N 1.0 4.8 Simbad 177.15567 -18.09825
181 3544194643153949312 177.25085 -18.1072 19.35 -0.616 -0.144 88.86 2.61 -1.8 0.27 -1.44 0.46 N 1.0 6.3 Simbad 177.25085 -18.1072
182 3544195811385065344 177.20335 -18.05834 19.57 -0.193 -0.44 87.86 2.52 -2.76 0.36 -2.92 0.56 N 1.0 4.5 Simbad 177.20335 -18.05834
183 3544197048335642368 177.09408 -18.07167 19.8 -0.332 -0.915 86.26 3.78 -1.93 0.36 -2.8 0.41 N 1.0 4.3 Simbad 177.09408 -18.07167
184 3544198701899471488 177.09393 -17.9948 17.87 0.052 -0.066 90.26 0.88 -2.52 0.08 -2.4 0.13 N 1.0 21.5 Simbad 177.09393 -17.9948
185 3544200484309518720 177.17001 -17.95392 19.79 -0.182 -0.681 45.42 3.61 -1.56 0.27 -0.9 0.5 N 0.0 4.3 Simbad 177.17001 -17.95392
186 3544201794274707584 177.38323 -17.97643 20.13 -0.62 -0.124 98.81 6.85 -1.47 0.28 -2.14 0.55 N 0.99 3.5 Simbad 177.38323 -17.97643
187 3544202167936684416 177.3208 -17.99145 20.09 0.674 -0.278 86.45 5.56 -2.59 99.0 -1.63 0.71 N 1.0 3.5 Simbad 177.3208 -17.99145
188 3544202271015903104 177.32836 -17.98173 19.32 0.29 0.292 83.24 2.54 -2.32 0.25 -2.39 0.66 N 1.0 6.0 Simbad 177.32836 -17.98173
189 3544204027659333632 177.47761 -17.89917 18.9 0.502 -0.174 88.02 2.73 -2.05 0.31 -2.29 0.38 N 1.0 7.4 Simbad 177.47761 -17.89917
190 3544204955372269952 177.46761 -17.86589 19.63 -2.88 -1.584 10.38 2.92 -1.08 0.25 -1.33 0.65 N 0.0 4.7 Simbad 177.46762 -17.86588
191 3544208666223616384 177.31993 -17.84941 19.36 -1.76 -0.685 346.37 3.72 -1.05 0.27 -1.85 0.37 N 0.0 4.6 Simbad 177.31994 -17.84941
192 3544209177323404544 177.31353 -17.7926 19.95 -2.808 0.545 7.25 3.05 -0.9 0.26 -0.85 1.36 N 0.0 4.0 Simbad 177.31354 -17.7926
193 3544212682018723584 177.17729 -17.89914 19.92 -1.082 -0.947 277.07 5.73 -1.34 0.41 -1.01 0.51 N 0.0 3.6 Simbad 177.17729 -17.89914
194 3544213545306385024 177.0376 -17.87404 18.82 -0.478 -0.259 88.88 1.35 -2.11 0.22 -2.19 0.32 N 1.0 10.0 Simbad 177.0376 -17.87404
195 3544215125852639360 176.96995 -17.88576 19.37 -0.379 -0.015 117.55 3.82 -2.16 0.33 -2.59 0.37 N 0.0 6.0 Simbad 176.96995 -17.88576
196 3544215641250418688 176.85216 -17.88516 19.82 -0.371 -1.22 199.14 4.56 -0.96 0.33 -1.71 1.89 N 0.0 3.8 Simbad 176.85216 -17.88515
197 3544218832411877120 177.16824 -17.86661 18.27 -0.094 -0.177 93.56 1.33 -2.51 0.22 -2.45 0.25 N 1.0 13.3 Simbad 177.16824 -17.86661
198 3544220309879141632 177.19481 -17.78969 20.17 -3.007 -1.675 -31.91 3.95 -1.3 0.22 -2.32 0.27 N 0.0 5.4 Simbad 177.19482 -17.78968
199 3544223436614845952 177.08229 -17.75527 18.63 -0.758 -1.12 241.33 2.44 -2.07 0.23 -2.72 0.28 N 0.0 9.1 Simbad 177.08229 -17.75527
200 3544223642773284352 177.16708 -17.74109 18.82 -0.798 -0.247 10.49 2.39 -1.1 0.16 -1.31 0.41 N 0.0 6.5 Simbad 177.16708 -17.74109
201 3544225261975859584 177.19375 -17.71066 19.64 0.61 0.32 33.56 2.75 -0.64 0.15 -0.25 0.81 N 0.0 4.6 Simbad 177.19375 -17.71066
202 3544234023710593408 177.52295 -17.72269 18.2 -0.01 0.01 88.45 1.25 -2.02 0.18 -2.17 0.17 N 1.0 12.7 Simbad 177.52295 -17.72269
203 3544265080617292416 176.88453 -17.77858 20.0 1.766 -0.187 38.3 2.75 -1.34 0.31 -1.75 1.34 N 0.0 5.1 Simbad 176.88452 -17.77858
204 3544267210921068032 176.71925 -17.79001 20.03 -1.136 1.48 14.31 7.77 -1.13 0.34 -2.38 0.55 N 0.0 3.2 Simbad 176.71925 -17.79002
205 3544271505888852480 177.03973 -17.70374 18.88 0.119 0.38 87.93 2.86 -2.06 0.37 -2.47 0.33 N 1.0 5.7 Simbad 177.03973 -17.70374
206 3544277175245262464 176.84578 -17.57994 20.12 -2.206 -1.249 23.74 3.41 -0.73 99.0 -1.83 1.28 N 0.0 3.4 Simbad 176.84579 -17.57993
207 3544279683506865024 177.01677 -17.47022 18.79 0.035 0.382 21.65 4.91 -0.98 0.21 -1.28 0.43 N 0.0 3.2 Simbad 177.01677 -17.47022
