data/ji2021/table5.csv
# %ECSV 1.0
# ---
# datatype:
# - name: recno
#   datatype: int32
#   description: Record number assigned by the VizieR team. Should Not be used for identification.
#   meta: !!omap
#   - {ucd: RECORD}
#   - {width: 8}
# - name: Gaia
#   datatype: int64
#   description: Gaia EDR3 Source ID
#   meta: !!omap
#   - {ucd: ID_MAIN}
#   - {width: 19}
# - name: RA_ICRS
#   unit: deg
#   datatype: float64
#   format: '{:9.5f}'
#   description: '[176.5/178.4] Right Ascension (ICRS) at Epoch=2015.5'
#   meta: !!omap
#   - {ucd: POS_EQ_RA_MAIN}
#   - {width: 9}
#   - {precision: '5'}
# - name: DE_ICRS
#   unit: deg
#   datatype: float64
#   format: '{:9.5f}'
#   description: '[-19.5/-17.4] Declination (ICRS) at Epoch=2015.5'
#   meta: !!omap
#   - {ucd: POS_EQ_DEC_MAIN}
#   - {width: 9}
#   - {precision: '5'}
# - name: Gmag
#   unit: mag
#   datatype: float32
#   format: '{:5.2f}'
#   description: '[16.34/20.23] Gaia EDR3 G-band magnitude'
#   meta: !!omap
#   - {ucd: PHOT_MAG_OPTICAL}
#   - {width: 5}
#   - {precision: '2'}
# - name: pmRA
#   unit: mas / yr
#   datatype: float32
#   format: '{:6.3f}'
#   description: '[-5.8/1.8] Gaia EDR3 Proper motion in Right Ascension'
#   meta: !!omap
#   - {ucd: POS_EQ_PMRA}
#   - {width: 6}
#   - {precision: '3'}
# - name: pmDE
#   unit: mas / yr
#   datatype: float32
#   format: '{:6.3f}'
#   description: '[-2.1/1.5] Gaia EDR3 Proper motion in Declination'
#   meta: !!omap
#   - {ucd: POS_EQ_PMDEC}
#   - {width: 6}
#   - {precision: '3'}
# - name: HRV
#   unit: km / s
#   datatype: float32
#   format: '{:6.2f}'
#   description: '[-32/367] Heliocentric Radial Velocity'
#   meta: !!omap
#   - {ucd: VELOC_HC}
#   - {width: 6}
#   - {precision: '2'}
# - name: e_HRV
#   unit: km / s
#   datatype: float32
#   format: '{:5.2f}'
#   description: '[0.8/10] Uncertainty in HRV'
#   meta: !!omap
#   - {ucd: ERROR}
#   - {width: 5}
#   - {precision: '2'}
# - name: '[Fe/H]1'
#   datatype: float32
#   format: '{:5.2f}'
#   description: '[-3.3/0.06] Metallicity, S5 data release (DR2.2)'
#   meta: !!omap
#   - {ucd: PHYS_ABUND_FE/H}
#   - {width: 5}
#   - {precision: '2'}
# - name: e_[Fe/H]1
#   datatype: float32
#   format: '{:5.2f}'
#   description: '[0.03/99] Uncertainty in [Fe/H]1'
#   meta: !!omap
#   - {ucd: ERROR}
#   - {width: 5}
#   - {precision: '2'}
# - name: '[Fe/H]2'
#   datatype: float32
#   format: '{:5.2f}'
#   description: '[-4.5/0.6] Metallicity, higher-resolution red calcium triplet (CaT)'
#   meta: !!omap
#   - {ucd: PHYS_ABUND_FE/H}
#   - {width: 5}
#   - {precision: '2'}
# - name: e_[Fe/H]2
#   datatype: float32
#   format: '{:5.2f}'
#   description: '[0.1/3] Uncertainty in [Fe/H]2'
#   meta: !!omap
#   - {ucd: ERROR}
#   - {width: 5}
#   - {precision: '2'}
# - name: Bin
#   datatype: string
#   description: '[YN] Binary Flag'
#   meta: !!omap
#   - {ucd: CODE_MISC}
#   - {_votable_string_dtype: char}
# - name: Mm
#   datatype: float32
#   format: '{:5.2f}'
#   description: '[0/1] Membership probability'
#   meta: !!omap
#   - {ucd: CODE_MEMB}
#   - {width: 5}
#   - {precision: '2'}
# - name: S/N
#   datatype: float32
#   format: '{:4.1f}'
#   description: '[3/26.4] Spectra Signal to Noise'
#   meta: !!omap
#   - {ucd: INST_S/N}
#   - {width: 4}
#   - {precision: '1'}
# - name: Simbad
#   datatype: string
#   description: Simbad column added by the CDS
#   meta: !!omap
#   - {ucd: DATA_LINK}
#   - {_votable_string_dtype: char}
#   - {_votable_arraysize: 6*}
# - name: _RA.icrs
#   unit: deg
#   datatype: float64
#   format: '{:9.5f}'
#   description: Right ascension (ICRS) at Epoch=J2000, proper motions taken into account
#   meta: !!omap
#   - {ucd: POS_EQ_RA_OTHER}
#   - {width: 9}
#   - {precision: '5'}
# - name: _DE.icrs
#   unit: deg
#   datatype: float64
#   format: '{:9.5f}'
#   description: Declination (ICRS) at Epoch=J2000, proper motions taken into account
#   meta: !!omap
#   - {ucd: POS_EQ_DEC_OTHER}
#   - {width: 9}
#   - {precision: '5'}
# meta: !!omap
# - {ID: J_ApJ_921_32_table5}
# - {name: J/ApJ/921/32/table5}
# - {description: Crater 2 data}
# schema: astropy-2.0
recno Gaia RA_ICRS DE_ICRS Gmag pmRA pmDE HRV e_HRV [Fe/H]1 e_[Fe/H]1 [Fe/H]2 e_[Fe/H]2 Bin Mm S/N Simbad _RA.icrs _DE.icrs
1 3543024835796029056 177.59227 -19.3552 20.15 -0.292 -0.469 18.76 3.77 -1.02 0.41 -0.93 0.32 N 0.0 4.1 Simbad 177.59227 -19.3552
2 3543053487522870912 177.62997 -19.19029 19.39 -0.818 -1.319 44.8 3.7 -1.35 0.27 -1.74 0.55 N 0.0 3.2 Simbad 177.62997 -19.19028
3 3543056309318642304 177.75071 -19.05828 20.08 1.705 -0.197 -17.76 2.28 -1.12 0.13 -1.49 1.38 N 0.0 4.5 Simbad 177.7507 -19.05828
4 3543057164015770880 177.73569 -19.02361 18.46 -0.189 -0.082 94.03 1.29 -2.09 0.2 -1.86 0.2 N 1.0 13.6 Simbad 177.73569 -19.02361
5 3543058435326076800 177.93394 -19.06145 17.85 -0.307 0.314 18.36 1.49 -0.92 0.07 -2.25 0.21 N 0.0 10.8 Simbad 177.93394 -19.06145
6 3543064516999805056 177.90168 -18.94614 19.94 -5.778 1.41 159.86 4.89 -1.28 0.21 -1.39 0.61 N 0.0 3.2 Simbad 177.90171 -18.94615
7 3543142822843457280 178.1799 -18.96932 19.04 -1.569 0.279 12.82 4.55 -1.02 0.19 -1.35 0.42 N 0.0 4.1 Simbad 178.17991 -18.96932
8 3543156193077156608 178.05288 -18.88107 19.0 -0.608 0.213 17.78 1.58 -1.11 0.14 -1.74 0.34 N 0.0 7.2 Simbad 178.05288 -18.88107
9 3543158357740679168 178.12481 -18.81081 16.51 0.209 -0.409 -6.91 1.19 -0.69 0.03 -2.04 0.2 N 0.0 15.7 Simbad 178.12481 -18.81081
10 3543195152725167744 178.31004 -18.51465 19.69 -0.298 -0.231 228.0 6.57 -1.99 0.39 -0.95 0.76 N 0.0 3.6 Simbad 178.31004 -18.51465
11 3543195771200464128 178.32564 -18.48732 19.63 0.14 0.883 22.13 3.94 -1.63 0.24 -1.87 0.42 N 0.0 3.7 Simbad 178.32564 -18.48732
12 3543399455728835200 176.9797 -19.40391 20.21 -3.184 -0.093 50.8 3.43 -1.17 0.2 -0.45 0.51 N 0.0 4.3 Simbad 176.97971 -19.40391
13 3543412271911301504 176.9854 -19.31376 19.1 -1.015 -1.042 281.0 2.89 -1.15 0.19 -0.79 0.46 N 0.0 5.1 Simbad 176.9854 -19.31376
14 3543415364287322368 176.74756 -19.30076 19.7 -0.296 -0.407 220.88 6.35 -1.56 0.36 -2.27 0.49 N 0.0 3.2 Simbad 176.74756 -19.30076
15 3543480445928587904 176.54002 -19.06992 19.17 -1.122 -0.912 258.82 5.14 -0.91 0.29 -1.56 0.52 N 0.0 3.7 Simbad 176.54002 -19.06992
16 3543774423553961600 177.08996 -19.36856 19.43 -2.134 -0.708 216.75 8.53 -1.59 0.32 -2.18 0.45 N 0.0 4.1 Simbad 177.08997 -19.36856
17 3543796211924443520 177.00119 -19.02632 17.87 0.041 0.084 21.92 0.92 -0.52 0.05 -1.33 0.15 N 0.0 17.2 Simbad 177.00119 -19.02632
18 3543807065305006464 177.513 -19.04849 19.92 -3.646 -1.318 366.55 7.4 -2.02 0.44 -2.19 0.68 N 0.0 3.1 Simbad 177.51302 -19.04848
19 3543810741797032960 177.41296 -19.00933 18.99 0.022 0.159 91.9 2.13 -2.31 0.22 -2.21 0.26 N 1.0 8.5 Simbad 177.41296 -19.00933
20 3543811600790524288 177.45042 -18.95351 19.09 -1.197 0.025 -12.52 1.99 -0.63 0.12 -1.56 0.48 N 0.0 5.7 Simbad 177.45043 -18.95351
21 3543811978747655168 177.558 -18.94139 19.43 0.003 -0.518 89.41 3.04 -1.85 0.31 -2.24 0.66 N 1.0 6.2 Simbad 177.558 -18.94139
22 3543812837741109376 177.49243 -18.94806 19.78 -0.223 -0.708 182.74 5.04 -2.18 0.34 -2.36 0.47 N 0.0 3.4 Simbad 177.49243 -18.94806
23 3543817338867281664 177.7577 -18.84585 19.56 0.304 -0.065 88.52 3.63 -1.49 0.26 -1.78 0.53 N 1.0 6.1 Simbad 177.7577 -18.84585
24 3543818408315571968 177.61711 -18.89323 17.73 -0.242 0.028 75.66 0.85 -1.74 0.07 -2.17 0.13 N 0.0 21.7 Simbad 177.61711 -18.89323
25 3543818919415241728 177.67717 -18.85861 18.94 -2.028 -0.19 116.67 3.36 -1.56 0.16 -2.47 1.19 N 0.0 5.3 Simbad 177.67718 -18.85861
26 3543819744048969344 177.56716 -18.83817 19.54 -0.504 0.088 91.11 4.9 -1.94 0.3 -2.34 0.39 N 1.0 5.1 Simbad 177.56716 -18.83817
27 3543822875081908480 177.38604 -18.96326 19.53 -1.78 -1.607 205.91 9.51 -1.76 0.4 -2.29 0.32 N 0.0 3.4 Simbad 177.38605 -18.96325
28 3543827646788392576 177.2797 -18.85104 19.82 -0.405 0.234 93.36 3.31 -2.31 0.4 -2.55 0.61 N 1.0 4.4 Simbad 177.2797 -18.85104
29 3543828918098727296 177.29488 -18.81129 19.93 0.017 -0.585 87.3 4.96 -2.31 99.0 -2.8 0.58 N 1.0 4.1 Simbad 177.29488 -18.81129
30 3543830193705781888 177.40376 -18.76274 17.57 -0.175 -0.08 93.03 3.49 -3.26 0.21 -2.86 0.53 N 1.0 6.5 Simbad 177.40376 -18.76274
31 3543830910963580160 177.31139 -18.74453 20.02 -0.487 -0.104 71.39 2.87 -1.24 0.36 -1.76 0.44 N 0.0 5.9 Simbad 177.31139 -18.74453
32 3543831082762677248 177.36664 -18.7244 19.44 0.242 -0.138 90.22 3.05 -2.48 0.32 -1.79 0.4 N 1.0 4.5 Simbad 177.36664 -18.7244
33 3543834072059917056 177.58992 -18.72266 19.84 -0.091 0.151 91.63 4.99 -3.05 0.46 -3.22 0.39 N 1.0 3.5 Simbad 177.58992 -18.72266
34 3543835244587384192 177.58463 -18.67074 18.56 0.226 -0.034 92.72 1.52 -2.76 0.27 -2.34 0.18 N 1.0 11.5 Simbad 177.58463 -18.67074
35 3543835725622213760 177.59998 -18.64236 20.11 -1.212 -0.984 13.59 2.25 -1.21 0.37 -1.49 0.28 N 0.0 5.9 Simbad 177.59999 -18.64236
36 3543842597571236480 176.90964 -19.05409 18.06 0.632 0.014 43.84 1.19 -0.34 0.09 -1.85 0.58 N 0.0 10.3 Simbad 176.90964 -19.05409
37 3543848301287768832 176.77948 -18.92686 19.73 -0.16 -0.183 -16.8 4.47 -1.96 0.29 -1.8 1.23 N 0.0 5.0 Simbad 176.77948 -18.92686
38 3543849671380637056 177.06203 -18.94684 19.88 0.44 -0.556 90.39 4.54 -1.81 0.34 -0.62 0.7 N 1.0 4.1 Simbad 177.06203 -18.94684
39 3543850225433606528 176.95892 -18.94902 19.83 1.144 0.264 50.47 2.99 -1.18 0.21 -1.93 1.41 N 0.0 4.3 Simbad 176.95891 -18.94902
40 3543850672108033408 176.97824 -18.89503 20.23 0.605 0.248 89.79 6.93 -3.14 99.0 -2.83 0.44 N 1.0 3.1 Simbad 176.97824 -18.89503
41 3543850908331248896 177.03765 -18.88672 19.69 -0.455 -0.929 144.27 3.85 -1.64 0.29 -0.7 0.88 N 0.0 4.2 Simbad 177.03765 -18.88672
42 3543853622750155904 176.9329 -18.88901 19.84 -0.473 0.684 236.58 8.09 -2.82 99.0 -3.23 0.65 N 0.0 3.3 Simbad 176.9329 -18.88901
43 3543854863997848832 176.90368 -18.83583 19.18 0.086 -0.582 86.64 2.0 -2.4 0.29 -2.26 0.32 N 1.0 7.9 Simbad 176.90368 -18.83583
44 3543856268450478080 177.05463 -18.78616 18.87 0.318 0.091 84.51 1.56 -2.27 0.17 -1.92 0.34 N 1.0 10.1 Simbad 177.05463 -18.78616
45 3543857406618497792 177.02106 -18.73598 17.69 0.126 -0.048 91.57 0.85 -1.94 0.14 -2.11 0.15 N 1.0 22.7 Simbad 177.02106 -18.73598
46 3543857677199777280 177.001 -18.71725 20.05 0.381 -0.022 85.6 7.37 -2.62 0.47 -2.43 0.65 N 1.0 3.2 Simbad 177.001 -18.71725
47 3543862663658393984 176.5413 -18.87459 16.34 -0.986 -0.665 2.03 0.99 -0.91 0.04 -2.49 0.16 N 0.0 14.1 Simbad 176.5413 -18.87459
48 3543866752467279872 176.85556 -18.8206 20.17 -1.969 0.238 26.41 4.17 -0.59 0.22 0.51 0.9 N 0.0 3.9 Simbad 176.85557 -18.8206
49 3543867710242939904 176.88491 -18.73794 18.24 -0.046 -0.039 90.46 1.2 -2.83 0.22 -2.56 0.13 N 1.0 15.2 Simbad 176.88491 -18.73794
50 3543869295087924480 176.90395 -18.71286 19.81 -0.525 -0.238 253.67 7.72 -1.72 0.35 -1.17 1.56 N 0.0 3.8 Simbad 176.90395 -18.71286
51 3543871627253128192 176.74688 -18.69387 17.87 -0.182 -0.045 89.26 1.03 -1.96 0.12 -2.21 0.18 Y 1.0 16.8 Simbad 176.74688 -18.69387
52 3543875269385420928 176.82625 -18.56598 19.2 -0.175 -0.067 88.07 1.85 -2.46 0.25 -2.17 0.3 N 1.0 7.9 Simbad 176.82625 -18.56598
53 3543875651639635968 177.21786 -18.80951 19.86 0.046 -0.142 85.47 4.59 -2.03 0.32 -1.31 0.67 N 1.0 4.1 Simbad 177.21786 -18.80951
54 3543877227890902272 177.17263 -18.73652 19.47 0.042 0.202 92.1 3.35 -2.54 0.28 -2.1 1.12 N 1.0 5.8 Simbad 177.17263 -18.73652
55 3543877571488293248 177.18659 -18.71738 19.23 -0.306 -0.082 90.34 3.05 -2.42 0.31 -2.94 0.28 N 1.0 6.4 Simbad 177.18659 -18.71738
56 3543879701792498176 177.24208 -18.65086 19.87 0.051 -0.683 -17.96 4.32 -1.7 0.25 -1.46 1.02 N 0.0 4.0 Simbad 177.24208 -18.65086
57 3543880698224498176 177.16265 -18.66678 19.58 0.654 -0.485 88.61 2.96 -1.69 0.26 -1.32 0.34 N 1.0 5.6 Simbad 177.16265 -18.66678
58 3543881729016653568 177.13614 -18.64928 18.97 -0.173 -0.315 87.65 1.72 -2.15 0.23 -2.06 0.23 N 1.0 8.9 Simbad 177.13614 -18.64928
59 3543884787033785472 177.35257 -18.62571 19.84 0.947 -0.235 94.01 5.43 -2.61 0.34 -2.33 0.46 N 1.0 3.7 Simbad 177.35257 -18.62571
60 3543885405509073152 177.32269 -18.63248 18.73 -0.374 -0.245 92.81 1.57 -2.52 0.2 -2.39 0.23 N 1.0 10.6 Simbad 177.32269 -18.63248
61 3543885409803666304 177.3137 -18.63558 19.91 -0.347 0.309 89.21 6.2 -2.39 0.35 -2.11 0.39 N 1.0 3.4 Simbad 177.3137 -18.63558
62 3543887333948974720 177.47954 -18.53595 20.09 -0.714 -0.951 -27.49 4.09 -1.13 0.4 -0.97 0.47 N 0.0 3.5 Simbad 177.47954 -18.53595
63 3543888291727146624 177.48308 -18.49492 19.17 -0.164 -0.414 87.57 3.99 -2.14 0.3 -1.51 0.45 Y 1.0 4.8 Simbad 177.48308 -18.49492
64 3543888532245322240 177.4245 -18.47865 19.23 0.095 0.155 88.36 3.15 -2.04 0.21 -1.62 0.52 N 1.0 5.0 Simbad 177.4245 -18.47865
65 3543889395534999296 177.34266 -18.54055 17.87 -0.008 -0.093 91.74 1.0 -1.99 0.06 -2.52 0.14 N 1.0 18.6 Simbad 177.34266 -18.54055
66 3543889425598499968 177.35318 -18.52756 20.06 -0.944 0.867 85.03 5.92 -2.14 0.37 -2.51 0.38 N 1.0 3.6 Simbad 177.35318 -18.52756
67 3543889498614588800 177.34222 -18.51345 19.06 -0.137 0.134 90.89 2.14 -2.11 0.23 -2.31 0.32 N 1.0 8.4 Simbad 177.34222 -18.51345
68 3543890662549097344 177.27206 -18.48688 18.73 -0.267 -0.134 86.88 1.58 -1.62 0.18 -1.69 0.26 N 1.0 11.6 Simbad 177.27206 -18.48688
69 3543891006146477312 177.37062 -18.49426 19.64 -0.045 -0.64 90.06 5.95 -2.55 0.43 -2.74 0.3 N 1.0 4.7 Simbad 177.37062 -18.49426
70 3543891624621786368 177.44044 -18.44608 19.15 -0.611 -0.133 89.25 3.07 -1.2 0.15 -2.08 0.29 N 1.0 5.7 Simbad 177.44044 -18.44608
71 3543892762787649408 177.36647 -18.40902 20.11 -0.455 -1.612 90.96 8.3 -2.14 0.34 -2.42 0.52 N 1.0 3.3 Simbad 177.36647 -18.40901
72 3543893823644569344 177.08775 -18.60114 19.11 -0.621 -0.135 88.07 1.73 -2.08 0.31 -2.46 0.2 N 1.0 9.0 Simbad 177.08775 -18.60114
73 3543893995443260672 177.022 -18.60347 19.34 -0.591 -0.303 93.23 2.35 -2.24 0.22 -2.44 0.26 N 1.0 6.4 Simbad 177.022 -18.60347
74 3543894957515942144 177.02402 -18.55786 20.0 -0.985 -1.838 99.33 6.64 -0.94 0.2 -0.93 1.49 N 0.0 3.8 Simbad 177.02402 -18.55785
75 3543895752086948608 177.10812 -18.5399 19.4 -0.076 -0.268 88.57 2.95 -2.08 0.27 -2.25 0.37 N 1.0 5.9 Simbad 177.10812 -18.5399
76 3543895782149665536 177.0854 -18.54263 19.76 0.135 -0.208 85.31 3.86 -2.26 0.34 -2.22 0.3 N 1.0 4.6 Simbad 177.0854 -18.54263
77 3543896508001192448 177.0517 -18.53864 20.11 -1.865 -1.241 342.85 9.51 -1.83 0.33 -1.98 1.91 N 0.0 3.6 Simbad 177.05171 -18.53863
78 3543896748518889856 177.01806 -18.52378 19.29 -0.22 0.131 91.27 2.21 -3.08 0.24 -2.72 0.33 N 1.0 7.4 Simbad 177.01806 -18.52378
79 3543899664799673344 176.92403 -18.4592 19.84 -0.697 -0.271 78.45 5.13 -1.84 99.0 -2.08 1.64 N 1.0 4.2 Simbad 176.92403 -18.4592
80 3543900390651212544 177.07765 -18.46524 19.14 -0.068 0.022 93.89 2.47 -1.98 0.3 -2.18 0.21 N 1.0 7.0 Simbad 177.07765 -18.46524
81 3543900764312201984 177.05861 -18.41747 18.46 -0.246 0.011 88.74 1.24 -1.77 0.13 -2.2 0.37 N 1.0 14.0 Simbad 177.05861 -18.41747
82 3543901829463306240 177.00526 -18.39193 19.97 1.102 -0.01 91.91 5.48 -1.95 0.33 -2.55 0.92 N 1.0 3.8 Simbad 177.00525 -18.39193
83 3543902035622490496 177.20933 -18.49918 19.32 -0.659 0.152 90.02 2.22 -2.75 0.21 -2.78 0.43 N 1.0 7.0 Simbad 177.20933 -18.49918
84 3543902108636460928 177.19456 -18.48122 20.2 -0.006 -0.225 93.62 4.42 -1.86 0.36 -2.18 0.43 N 1.0 3.2 Simbad 177.19456 -18.48122
85 3543902619738062848 177.26276 -18.44547 20.12 -1.291 0.558 84.76 5.01 -1.46 0.28 -1.86 0.41 N 1.0 4.0 Simbad 177.26277 -18.44547
86 3543903414308609152 177.13614 -18.43347 19.57 -1.78 -2.004 178.86 6.48 -0.7 0.24 -1.96 0.33 N 0.0 3.7 Simbad 177.13615 -18.43346
87 3543904028486562560 177.17791 -18.39001 19.53 -0.756 0.28 82.31 2.75 -2.23 0.28 -1.91 0.37 N 1.0 5.7 Simbad 177.17791 -18.39001
88 3543904062846306432 177.19059 -18.37471 19.75 0.766 -0.619 81.87 4.45 -2.75 0.24 -1.89 1.37 N 1.0 5.2 Simbad 177.19059 -18.37471
89 3543905643394277504 177.24867 -18.35149 19.41 -0.137 -0.094 85.65 3.79 -2.16 0.37 -2.56 0.34 Y 1.0 4.5 Simbad 177.24867 -18.35149
90 3543906536747463040 177.12377 -18.39123 19.37 -0.285 0.09 87.54 2.52 -1.24 0.2 -2.15 0.98 N 1.0 6.5 Simbad 177.12377 -18.39123
91 3543906536748254848 177.12455 -18.40066 19.22 0.148 -0.192 91.58 2.32 -2.48 0.29 -2.47 0.64 N 1.0 7.0 Simbad 177.12455 -18.40066
92 3543906639827466368 177.07154 -18.4075 19.31 -0.357 -0.121 87.74 2.88 -2.19 0.37 -2.25 0.48 N 1.0 6.6 Simbad 177.07154 -18.4075
93 3543907189582499328 177.10307 -18.36906 18.27 0.048 -0.229 91.09 1.15 -2.48 0.16 -2.31 0.23 N 1.0 14.5 Simbad 177.10307 -18.36906
94 3543907327021458816 177.1392 -18.34559 19.63 -0.579 0.134 88.0 2.73 -2.2 0.3 -2.75 0.32 N 1.0 4.5 Simbad 177.1392 -18.34559
95 3543907842417532416 177.06535 -18.35067 19.82 -0.239 -0.043 88.87 3.7 -2.35 0.28 -2.36 0.34 N 1.0 4.1 Simbad 177.06535 -18.35067
96 3543909186742375680 177.25122 -18.2909 20.07 0.83 -0.12 88.1 7.23 -1.9 0.4 -2.26 2.13 N 1.0 3.2 Simbad 177.25122 -18.2909
97 3543910320615614208 177.2258 -18.24499 19.77 -0.044 -0.137 82.56 3.87 -2.14 0.29 -1.73 0.5 N 1.0 3.7 Simbad 177.2258 -18.24499
98 3543910556836882560 177.18162 -18.238 19.12 0.049 0.176 90.42 2.6 -2.02 0.25 -2.22 0.61 N 1.0 6.5 Simbad 177.18162 -18.238
99 3543917256986593920 177.80544 -18.60835 18.77 0.069 -0.135 81.87 1.63 -1.73 0.13 -1.79 0.27 N 1.0 10.1 Simbad 177.80544 -18.60835
100 3543918734455346304 177.80762 -18.60007 19.6 -0.477 -0.118 88.3 4.34 -2.27 0.33 -2.55 0.3 N 1.0 4.8 Simbad 177.80762 -18.60007
101 3543920933478601728 177.99079 -18.60257 19.51 -0.09 -0.101 98.64 3.01 -1.72 0.32 -2.46 1.56 N 1.0 4.0 Simbad 177.99079 -18.60257
102 3543923789633272576 178.16632 -18.4731 16.84 -0.261 -0.079 46.42 1.41 -0.6 0.04 -2.25 0.18 N 0.0 14.2 Simbad 178.16632 -18.4731
103 3543925954296741504 177.97037 -18.47322 20.12 -0.212 0.299 100.95 6.85 -2.79 0.46 -2.17 0.46 N 1.0 3.5 Simbad 177.97037 -18.47322
104 3543928595700239616 177.70283 -18.6471 19.01 -0.495 -0.18 91.71 2.33 -1.81 0.22 -2.2 0.44 N 1.0 6.2 Simbad 177.70283 -18.6471
105 3543932547070242304 177.80956 -18.4751 19.09 -1.162 -0.767 -2.08 2.72 -0.69 0.09 -1.78 1.02 N 0.0 5.7 Simbad 177.80957 -18.4751
106 3543933440423405056 177.67391 -18.52596 20.09 -0.051 -0.558 86.71 7.68 -2.36 0.3 -2.12 0.46 N 1.0 3.1 Simbad 177.67391 -18.52596
107 3543933818380515072 177.58874 -18.5461 19.64 -0.783 -0.068 86.81 4.26 -1.92 0.27 -2.64 0.33 N 1.0 4.3 Simbad 177.58874 -18.5461
108 3543935055331139456 177.74676 -18.47964 20.12 -0.794 -0.365 100.0 4.86 -1.53 0.3 -1.85 0.58 N 0.99 3.0 Simbad 177.74676 -18.47964
109 3543940518529612928 177.94893 -18.37722 19.25 0.234 0.005 86.55 2.33 -2.02 0.22 -1.59 0.3 N 1.0 6.1 Simbad 177.94893 -18.37722
110 3543942854990933504 177.7375 -18.36852 19.02 0.24 -0.275 86.69 2.72 -2.36 0.21 -1.57 0.28 N 1.0 7.3 Simbad 177.7375 -18.36852
111 3543948386909674496 178.32088 -18.41384 19.76 -0.453 -0.306 23.86 3.35 -0.7 0.39 -0.63 0.54 N 0.0 4.2 Simbad 178.32088 -18.41384
112 3543969208910418048 177.9581 -18.2063 19.5 0.498 -0.103 88.49 3.24 -2.2 0.27 -2.1 1.08 N 1.0 5.2 Simbad 177.9581 -18.2063
113 3543981372258453120 177.53718 -18.48497 19.36 -0.261 0.283 98.58 6.89 -1.75 0.31 -1.25 0.77 N 1.0 3.3 Simbad 177.53718 -18.48497
114 3543981475337678464 177.54262 -18.47386 19.36 0.319 -0.201 93.3 3.17 -2.1 0.29 -4.42 1.04 N 1.0 3.6 Simbad 177.54262 -18.47386
115 3543981647136374272 177.59126 -18.46586 19.69 -0.111 -0.331 99.52 8.18 -2.93 0.4 -2.81 0.64 N 1.0 4.2 Simbad 177.59126 -18.46586
116 3543981853294826240 177.60469 -18.43457 20.13 0.618 0.022 104.32 8.21 -2.12 0.34 -2.52 0.33 N 1.0 4.2 Simbad 177.60469 -18.43457
117 3543982196892189056 177.49863 -18.46254 18.76 -0.259 -0.157 85.26 3.73 -2.4 0.21 -2.0 0.31 N 1.0 6.3 Simbad 177.49863 -18.46254
118 3543983193324652416 177.53079 -18.39194 19.11 -0.021 0.006 89.39 5.46 -1.77 0.34 -2.22 0.49 N 1.0 3.9 Simbad 177.53079 -18.39194
119 3543985362284262400 177.64618 -18.3084 19.47 0.124 -0.491 98.0 3.27 -2.04 0.24 -0.84 0.43 N 1.0 5.7 Simbad 177.64618 -18.3084
120 3543985632866070400 177.4828 -18.39917 19.55 -0.492 -0.105 92.77 5.56 -1.96 0.34 -1.27 0.53 N 1.0 3.0 Simbad 177.4828 -18.39917
121 3543985671521899008 177.45986 -18.39991 17.87 -0.193 -0.16 88.26 1.17 -2.22 0.11 -2.11 0.2 N 1.0 13.8 Simbad 177.45986 -18.39991
