data/ji2021/table4.csv
# %ECSV 1.0
# ---
# datatype:
# - name: recno
#   datatype: int32
#   description: Record number assigned by the VizieR team. Should Not be used for identification.
#   meta: !!omap
#   - {ucd: RECORD}
#   - {width: 8}
# - name: Gaia
#   datatype: int64
#   description: Gaia EDR3 Source ID
#   meta: !!omap
#   - {ucd: ID_MAIN}
#   - {width: 19}
# - name: RA_ICRS
#   unit: deg
#   datatype: float64
#   format: '{:9.5f}'
#   description: '[141.9/146] Right Ascension (ICRS) at Epoch=2015.5'
#   meta: !!omap
#   - {ucd: POS_EQ_RA_MAIN}
#   - {width: 9}
#   - {precision: '5'}
# - name: DE_ICRS
#   unit: deg
#   datatype: float64
#   format: '{:9.5f}'
#   description: '[-38.8/-34.5] Declination (ICRS) at Epoch=2015.5'
#   meta: !!omap
#   - {ucd: POS_EQ_DEC_MAIN}
#   - {width: 9}
#   - {precision: '5'}
# - name: Gmag
#   unit: mag
#   datatype: float32
#   format: '{:5.2f}'
#   description: '[16.97/20.34] Gaia EDR3 G-band magnitude'
#   meta: !!omap
#   - {ucd: PHOT_MAG_OPTICAL}
#   - {width: 5}
#   - {precision: '2'}
# - name: pmRA
#   unit: mas / yr
#   datatype: float32
#   format: '{:6.3f}'
#   description: '[-3.9/1.1] Gaia EDR3 Proper motion in Right Ascension'
#   meta: !!omap
#   - {ucd: POS_EQ_PMRA}
#   - {width: 6}
#   - {precision: '3'}
# - name: pmDE
#   unit: mas / yr
#   datatype: float32
#   format: '{:6.3f}'
#   description: '[-4.9/2.2] Gaia EDR3 Proper motion in Declination'
#   meta: !!omap
#   - {ucd: POS_EQ_PMDEC}
#   - {width: 6}
#   - {precision: '3'}
# - name: HRV
#   unit: km / s
#   datatype: float32
#   format: '{:7.2f}'
#   description: '[-105/420] Heliocentric Radial Velocity'
#   meta: !!omap
#   - {ucd: VELOC_HC}
#   - {width: 7}
#   - {precision: '2'}
# - name: e_HRV
#   unit: km / s
#   datatype: float32
#   format: '{:5.2f}'
#   description: '[0.7/10] Uncertainty in HRV'
#   meta: !!omap
#   - {ucd: ERROR}
#   - {width: 5}
#   - {precision: '2'}
# - name: '[Fe/H]1'
#   datatype: float32
#   format: '{:5.2f}'
#   description: '[-3.5/1] Metallicity, S5 data release (DR2.2)'
#   meta: !!omap
#   - {ucd: PHYS_ABUND_FE/H}
#   - {width: 5}
#   - {precision: '2'}
# - name: e_[Fe/H]1
#   datatype: float32
#   format: '{:5.2f}'
#   description: '[0.01/99] Uncertainty in [Fe/H]1'
#   meta: !!omap
#   - {ucd: ERROR}
#   - {width: 5}
#   - {precision: '2'}
# - name: '[Fe/H]2'
#   datatype: float32
#   format: '{:5.2f}'
#   description: '[-3.5/1.8] Metallicity, higher-resolution red calcium triplet (CaT)'
#   meta: !!omap
#   - {ucd: PHYS_ABUND_FE/H}
#   - {width: 5}
#   - {precision: '2'}
# - name: e_[Fe/H]2
#   datatype: float32
#   format: '{:5.2f}'
#   description: '[0.1/5] Uncertainty in [Fe/H]2'
#   meta: !!omap
#   - {ucd: ERROR}
#   - {width: 5}
#   - {precision: '2'}
# - name: Bin
#   datatype: string
#   description: '[YN] Binary Flag'
#   meta: !!omap
#   - {ucd: CODE_MISC}
#   - {_votable_string_dtype: char}
# - name: Mm
#   datatype: float32
#   format: '{:5.2f}'
#   description: '[0/1] Membership probability'
#   meta: !!omap
#   - {ucd: CODE_MEMB}
#   - {width: 5}
#   - {precision: '2'}
# - name: S/N
#   datatype: float32
#   format: '{:4.1f}'
#   description: '[4/32.2] Spectra Signal to Noise'
#   meta: !!omap
#   - {ucd: INST_S/N}
#   - {width: 4}
#   - {precision: '1'}
# - name: Simbad
#   datatype: string
#   description: Simbad column added by the CDS
#   meta: !!omap
#   - {ucd: DATA_LINK}
#   - {_votable_string_dtype: char}
#   - {_votable_arraysize: 6*}
# - name: _RA.icrs
#   unit: deg
#   datatype: float64
#   format: '{:9.5f}'
#   description: Right ascension (ICRS) at Epoch=J2000, proper motions taken into account
#   meta: !!omap
#   - {ucd: POS_EQ_RA_OTHER}
#   - {width: 9}
#   - {precision: '5'}
# - name: _DE.icrs
#   unit: deg
#   datatype: float64
#   format: '{:9.5f}'
#   description: Declination (ICRS) at Epoch=J2000, proper motions taken into account
#   meta: !!omap
#   - {ucd: POS_EQ_DEC_OTHER}
#   - {width: 9}
#   - {precision: '5'}
# meta: !!omap
# - {ID: J_ApJ_921_32_table4}
# - {name: J/ApJ/921/32/table4}
# - {description: Antlia 2 data}
# schema: astropy-2.0
recno Gaia RA_ICRS DE_ICRS Gmag pmRA pmDE HRV e_HRV [Fe/H]1 e_[Fe/H]1 [Fe/H]2 e_[Fe/H]2 Bin Mm S/N Simbad _RA.icrs _DE.icrs
[from data line 122]
123 5436064210181649920 143.7875 -37.22033 18.63 0.076 0.127 287.97 1.09 -2.23 0.21 -1.68 0.24 N 1.0 13.0 Simbad 143.7875 -37.22033
124 5436064996162066176 143.93453 -37.31183 19.51 -0.352 -0.397 23.18 3.94 -1.9 0.26 -2.22 0.66 N 0.0 4.1 Simbad 143.93453 -37.31183
125 5436068676951028096 144.08103 -37.11969 18.71 -0.195 -0.06 289.1 1.3 -2.47 0.07 -1.9 0.25 N 1.0 9.9 Simbad 144.08103 -37.11969
126 5436068844450685312 144.02467 -37.11927 18.83 -0.272 0.627 89.15 1.83 -0.98 0.19 -1.08 0.28 N 0.0 6.5 Simbad 144.02467 -37.11927
127 5436069978324338944 143.89161 -37.16039 19.49 -0.185 -0.013 291.21 2.93 -2.84 0.2 -1.47 0.6 N 1.0 4.6 Simbad 143.89161 -37.16039
128 5436071180915249920 143.86252 -37.10258 18.51 -0.228 -0.142 290.7 1.13 -2.24 0.12 -2.19 0.24 N 1.0 11.5 Simbad 143.86252 -37.10258
129 5436071730669960192 143.94819 -37.09614 19.46 -0.317 0.261 284.91 3.86 -2.12 0.35 -1.49 0.58 N 1.0 4.3 Simbad 143.94819 -37.09614
130 5436072314784463616 144.00259 -37.04091 17.83 -0.226 -0.067 290.92 1.06 -1.87 0.36 -1.95 0.17 N 1.0 18.0 Simbad 144.00259 -37.04091
131 5436072422162553088 143.90983 -37.09565 18.69 -0.201 0.189 280.24 1.44 -1.45 0.22 -1.64 0.44 N 1.0 12.3 Simbad 143.90983 -37.09565
132 5436074823047291136 143.54495 -37.27421 17.96 0.051 0.218 292.06 0.83 -1.76 0.08 -1.92 0.17 N 1.0 19.3 Simbad 143.54495 -37.27421
133 5436076712833095424 143.74623 -37.12845 18.08 -0.056 0.058 290.3 0.86 -1.91 0.14 -1.54 0.18 N 1.0 17.9 Simbad 143.74623 -37.12845
134 5436078190301724288 143.49427 -37.22056 19.35 -0.466 -0.588 21.59 2.91 -0.77 0.22 -2.3 1.14 N 0.0 5.5 Simbad 143.49427 -37.22056
135 5436079122311227648 143.52128 -37.16676 19.19 -0.325 0.039 289.77 1.83 -2.53 0.14 -1.96 0.56 N 1.0 8.2 Simbad 143.52128 -37.16676
136 5436079427252410240 143.47743 -37.14167 17.7 -0.138 0.019 294.71 0.77 -2.11 99.0 -2.15 0.11 N 1.0 28.0 Simbad 143.47743 -37.14167
137 5436081007800457728 143.65555 -37.06541 19.13 -0.053 0.343 283.61 1.7 -1.6 0.25 -1.42 0.53 N 1.0 7.2 Simbad 143.65555 -37.06541
138 5436081488836785152 143.53676 -37.07725 19.44 -0.121 -0.163 290.65 2.05 -2.39 0.25 -2.01 0.35 N 1.0 6.9 Simbad 143.53676 -37.07725
139 5436082622708119296 143.76205 -37.11014 19.05 -0.214 0.239 258.69 3.16 -1.98 0.25 -1.84 0.35 N 0.36 6.7 Simbad 143.76205 -37.11014
140 5436082657067866880 143.78887 -37.10097 18.35 -0.202 0.422 298.05 1.13 0.0 0.02 -1.41 0.33 N 0.99 11.8 Simbad 143.78887 -37.10097
141 5436084203256146688 143.77916 -37.03892 18.27 -0.074 -0.082 294.47 1.57 -1.54 0.2 -1.74 0.33 N 1.0 10.2 Simbad 143.77916 -37.03892
142 5436084791663769216 143.84166 -37.03464 19.12 -0.371 0.18 290.3 2.14 -2.5 0.32 -2.28 0.34 N 1.0 7.1 Simbad 143.84166 -37.03464
143 5436085891179625984 143.79929 -36.97771 19.32 0.371 0.178 11.75 2.29 -1.17 0.28 -3.17 0.4 N 0.0 4.4 Simbad 143.79929 -36.97771
144 5436088979257788288 143.80655 -36.95259 19.22 -0.071 0.422 284.66 2.22 -2.37 0.26 -2.08 0.48 N 1.0 6.1 Simbad 143.80655 -36.95259
145 5436089632093049216 143.85415 -36.8673 19.77 -0.499 -0.096 284.94 2.99 -2.38 0.34 -1.19 0.58 N 1.0 4.1 Simbad 143.85415 -36.8673
146 5436089803891717504 143.82648 -36.87459 19.75 -0.336 0.176 285.31 4.07 -2.96 0.31 -2.46 0.3 N 1.0 4.0 Simbad 143.82648 -36.87459
147 5436090559805994496 143.77444 -36.8622 18.96 -0.108 0.376 294.12 1.36 -1.84 0.27 -1.88 0.31 N 1.0 8.3 Simbad 143.77444 -36.8622
148 5436093342944354816 144.23114 -37.0338 19.14 0.218 0.056 284.96 2.91 -2.38 0.29 -2.49 0.36 N 1.0 8.0 Simbad 144.23114 -37.0338
149 5436095851205285632 144.04976 -37.02177 19.72 0.01 -0.093 282.27 3.91 -1.88 0.5 -1.76 0.4 N 1.0 5.1 Simbad 144.04976 -37.02177
150 5436096950717055232 144.01296 -36.96759 18.19 -0.131 0.215 299.02 0.94 -1.69 0.18 -1.45 0.21 N 1.0 15.9 Simbad 144.01296 -36.96759
151 5436097363033974016 144.03689 -36.94453 18.95 0.071 0.452 289.54 1.33 -2.66 0.27 -2.02 0.42 N 1.0 10.3 Simbad 144.03689 -36.94453
152 5436098462545725440 144.16073 -36.89896 19.78 0.041 -0.013 286.5 4.24 -2.11 0.39 -1.6 0.31 N 1.0 4.9 Simbad 144.16073 -36.89896
153 5436098634344530048 144.19623 -36.85926 19.22 -0.132 0.462 284.56 2.07 -1.95 0.27 -1.52 0.26 N 1.0 7.7 Simbad 144.19623 -36.85926
154 5436099321539277696 144.15747 -36.86338 19.11 -0.157 0.275 287.64 2.26 -1.94 0.33 -2.02 0.45 N 1.0 7.0 Simbad 144.15747 -36.86338
155 5436099635071283712 144.11103 -36.84998 19.98 -0.811 0.423 40.02 3.68 -1.19 0.16 -1.99 1.51 N 0.0 4.1 Simbad 144.11103 -36.84998
156 5436101043824427264 144.26953 -36.90718 19.38 -0.601 -0.221 364.45 3.02 -1.39 0.18 -0.89 0.27 N 0.0 5.7 Simbad 144.26953 -36.90718
157 5436101761080716416 144.29623 -36.85911 19.11 0.014 0.134 283.61 1.7 -1.87 0.2 -1.9 0.31 N 1.0 7.1 Simbad 144.29623 -36.85911
158 5436102242117103360 144.41043 -36.83596 19.59 -0.162 0.019 291.78 3.31 -1.65 99.0 -1.66 0.37 N 1.0 5.3 Simbad 144.41043 -36.83596
159 5436103719585996800 144.40995 -36.76785 17.79 -0.222 0.125 288.75 0.97 -1.36 0.16 -1.85 0.19 N 1.0 15.6 Simbad 144.40995 -36.76785
160 5436105197054726784 144.26805 -36.78024 18.9 -0.202 -0.246 291.24 2.1 -1.76 0.2 -1.38 0.29 N 1.0 7.9 Simbad 144.26805 -36.78024
161 5436106090407976960 144.2312 -36.74892 19.42 -0.684 0.465 10.53 6.12 -2.01 0.2 -2.82 1.34 N 0.0 5.0 Simbad 144.2312 -36.74892
162 5436106193487183488 144.21635 -36.75459 19.34 -0.152 0.268 289.98 2.61 -1.38 0.23 -0.67 0.41 N 1.0 5.7 Simbad 144.21635 -36.75459
163 5436108633028087040 143.96806 -36.97213 19.13 -0.123 0.238 290.08 1.91 -1.68 0.27 -0.81 0.34 N 1.0 7.9 Simbad 143.96806 -36.97213
164 5436109629460779776 144.0136 -36.86623 19.28 0.03 -0.031 292.94 2.16 -1.3 0.22 -1.81 0.42 N 1.0 6.9 Simbad 144.0136 -36.86623
165 5436110969490631424 144.07583 -36.84422 18.75 -0.071 -0.172 289.48 1.31 -2.6 0.44 -1.95 0.24 N 1.0 11.7 Simbad 144.07583 -36.84422
166 5436114268025598336 143.86504 -36.80635 19.41 -0.29 0.05 294.12 2.47 -2.81 0.25 -1.91 0.89 N 1.0 5.9 Simbad 143.86504 -36.80635
167 5436114508543812480 143.81683 -36.78292 19.21 -0.132 0.094 291.32 1.43 -1.72 0.17 -1.66 0.26 N 1.0 8.7 Simbad 143.81683 -36.78292
168 5436114714702268160 143.88353 -36.77092 18.2 -0.119 0.085 291.37 0.85 -1.1 0.05 -1.66 0.19 N 1.0 16.3 Simbad 143.88353 -36.77092
169 5436115921586539136 144.03222 -36.71559 18.35 -0.342 -0.086 291.77 1.07 0.0 0.01 -1.32 0.19 N 1.0 14.2 Simbad 144.03222 -36.71559
170 5436117738359289472 144.12918 -36.74567 19.25 0.086 0.099 285.62 2.02 -1.45 0.18 0.21 0.4 N 1.0 6.9 Simbad 144.12918 -36.74567
171 5436120349699595008 144.30824 -36.61038 19.27 -0.126 0.289 291.62 2.27 -1.25 0.18 0.84 1.68 N 1.0 5.0 Simbad 144.30824 -36.61038
172 5436121002534615424 144.16258 -36.61821 18.76 -0.439 -0.922 -6.74 1.98 -0.13 0.16 -1.2 0.3 N 0.0 7.5 Simbad 144.16258 -36.61821
173 5436143576881607680 142.89398 -37.39828 19.02 -0.135 -0.159 302.06 2.04 -1.9 0.25 -1.71 0.44 N 1.0 7.4 Simbad 142.89398 -37.39828
174 5436156225565295872 142.77033 -37.34984 18.89 -1.076 0.473 168.06 3.67 -0.7 0.31 -1.79 1.15 N 0.0 4.9 Simbad 142.77034 -37.34984
175 5436160898485981568 142.75313 -37.23886 19.08 -0.151 -1.241 41.73 5.32 -1.78 0.34 -2.13 0.56 N 0.0 5.3 Simbad 142.75313 -37.23885
176 5436167426839917696 142.95671 -37.32249 17.83 -0.091 0.066 285.46 0.88 -2.78 0.06 -2.76 0.18 N 1.0 21.3 Simbad 142.95671 -37.32249
177 5436167628698696960 143.02922 -37.30996 19.7 -2.886 0.588 110.47 2.5 -0.1 0.17 -1.21 0.65 N 0.0 4.1 Simbad 143.02924 -37.30996
178 5436168491993454464 143.07373 -37.27578 18.63 0.048 0.612 9.11 1.72 -0.33 0.29 -1.49 0.23 Y 0.0 12.5 Simbad 143.07373 -37.27578
179 5436168663790408704 143.13656 -37.27317 19.57 -0.333 0.136 391.38 2.99 -1.53 0.27 -0.41 0.32 N 0.0 5.1 Simbad 143.13656 -37.27317
180 5436169449764943360 143.00427 -37.2678 19.48 -0.225 0.18 296.26 3.46 -2.14 0.37 -1.89 0.61 N 1.0 6.0 Simbad 143.00427 -37.2678
181 5436169724642918016 143.08001 -37.24318 18.49 0.167 -0.286 2.77 1.13 -0.27 0.09 -1.32 0.22 N 0.0 13.8 Simbad 143.08001 -37.24318
182 5436169827722201472 143.1255 -37.21814 19.12 0.513 -0.641 137.52 3.91 -1.73 0.35 -2.04 0.54 N 0.0 5.4 Simbad 143.1255 -37.21814
183 5436172439062260864 143.3624 -37.24114 19.2 -0.188 0.312 279.87 4.3 -2.58 0.34 -1.7 0.46 N 1.0 4.9 Simbad 143.3624 -37.24114
184 5436174844244044416 143.19452 -37.20243 19.85 -0.255 0.088 280.68 4.39 -2.47 0.4 -2.21 0.57 N 1.0 4.0 Simbad 143.19452 -37.20243
185 5436177111986986240 143.24675 -37.12354 19.11 -0.088 -0.351 285.41 1.75 -1.45 0.26 -1.27 0.22 N 1.0 8.7 Simbad 143.24675 -37.12354
186 5436178147073988992 143.23826 -37.05866 19.78 -1.554 0.483 24.56 2.93 -0.96 0.21 -2.57 1.28 N 0.0 4.8 Simbad 143.23827 -37.05866
187 5436183090581498752 143.01421 -37.11476 19.56 -0.304 0.922 12.71 3.48 0.05 0.31 -1.1 0.51 N 0.0 4.4 Simbad 143.01421 -37.11476
188 5436186526555448448 142.93148 -37.05835 19.06 -1.066 -0.008 117.46 2.59 -0.85 0.17 -1.74 0.45 N 0.0 5.8 Simbad 142.93149 -37.05835
189 5436189073474921728 143.07043 -37.07072 18.59 -0.573 0.75 99.17 1.79 -0.69 0.16 -1.49 0.32 N 0.0 10.4 Simbad 143.07043 -37.07072
190 5436190894540979968 143.19109 -36.97765 18.09 0.011 0.195 296.56 0.93 -2.0 0.11 -2.11 0.19 N 1.0 16.6 Simbad 143.19109 -36.97765
191 5436193024846759424 143.02174 -37.00059 19.8 -3.849 2.163 101.39 7.73 -2.21 99.0 -1.73 0.39 Y 0.0 4.0 Simbad 143.02176 -37.0006
192 5436195975483840128 143.03113 -36.87431 18.55 0.081 0.095 286.49 1.02 -2.02 0.19 -1.66 0.21 N 1.0 14.4 Simbad 143.03113 -36.87431
193 5436196014137895424 143.04405 -36.8536 18.5 -0.021 0.078 293.69 1.14 -2.73 0.11 -2.46 0.16 N 1.0 14.9 Simbad 143.04405 -36.8536
194 5436196666977676672 142.37412 -37.51429 18.75 -0.153 0.545 2.0 4.6 -1.1 0.29 -2.46 0.58 N 0.0 4.1 Simbad 142.37412 -37.51429
195 5436227208487115392 142.45447 -36.92579 18.62 -0.07 0.073 315.4 1.27 -0.47 0.12 -0.83 0.38 N 0.38 7.3 Simbad 142.45447 -36.92579
196 5436239131315213312 142.79558 -36.88481 19.0 -0.122 0.427 33.73 5.21 -1.32 0.45 -2.55 1.19 N 0.0 4.9 Simbad 142.79558 -36.88481
197 5436240578722754176 142.90809 -36.97375 19.03 0.102 0.194 113.45 2.47 -1.34 0.22 -1.42 0.35 N 0.0 6.1 Simbad 142.90809 -36.97375
198 5436242812101602048 143.00816 -36.87376 19.47 -0.555 -0.837 196.48 2.55 -1.26 0.17 -2.16 0.89 N 0.0 7.1 Simbad 143.00816 -36.87376
199 5436242846462787584 142.98404 -36.85791 18.93 -0.672 -1.165 2.65 1.82 -0.43 0.13 -2.41 0.7 N 0.0 8.2 Simbad 142.98404 -36.8579
200 5436244598806622976 143.03154 -36.75669 19.7 0.267 0.22 292.5 3.69 -2.77 99.0 -1.45 0.96 N 1.0 4.2 Simbad 143.03154 -36.75669
201 5436245389085636096 142.82445 -36.83555 19.3 0.959 -0.533 77.24 2.09 -0.46 0.19 -1.22 0.54 N 0.0 7.2 Simbad 142.82444 -36.83555
202 5436246381221302016 142.7685 -36.80053 18.58 -0.58 -0.568 19.39 1.9 0.09 0.12 -2.0 1.17 N 0.0 5.4 Simbad 142.7685 -36.80053
203 5436256620423445632 142.6068 -36.70994 19.02 0.033 0.387 294.02 2.56 -2.28 0.26 -1.72 0.65 N 1.0 4.4 Simbad 142.6068 -36.70994
204 5436257273258483328 142.52015 -36.69948 19.29 -0.387 0.505 29.4 2.98 -0.98 0.2 -1.94 1.61 N 0.0 4.2 Simbad 142.52015 -36.69948
205 5436257999104952448 142.53996 -36.64956 20.34 -1.288 -1.504 62.05 4.63 -1.31 0.37 -2.1 0.53 N 0.0 4.0 Simbad 142.53997 -36.64955
206 5436261362067483008 142.87959 -36.57915 17.73 -0.145 0.156 285.83 1.45 -1.01 99.0 -1.88 0.22 N 1.0 9.3 Simbad 142.87959 -36.57915
207 5436267413678906752 143.4404 -37.10164 19.43 -0.254 -0.29 289.15 3.52 -2.65 0.33 -2.28 0.44 N 1.0 6.1 Simbad 143.4404 -37.10164
208 5436267993495544576 143.46983 -37.04397 19.7 -0.721 -0.1 263.21 4.64 -2.19 0.4 -2.42 0.57 N 0.51 5.1 Simbad 143.46983 -37.04397
209 5436268646330563968 143.45494 -37.05213 18.89 -0.037 0.077 289.7 1.52 -2.31 0.25 -2.3 0.27 N 1.0 9.3 Simbad 143.45494 -37.05213
210 5436268959863816960 143.40598 -37.02432 18.99 0.148 0.237 71.73 1.49 -0.59 0.13 -0.96 0.33 N 0.0 11.3 Simbad 143.40598 -37.02432
211 5436269990655792128 143.55032 -36.98718 19.43 -0.196 -0.209 276.78 2.29 -1.79 0.46 -1.1 0.83 N 1.0 5.8 Simbad 143.55032 -36.98718
212 5436270639195474176 143.4524 -36.96657 19.62 -1.522 -0.377 91.89 8.1 -2.18 0.36 -0.42 0.6 N 0.0 4.5 Simbad 143.45241 -36.96657
213 5436271571203974656 143.36101 -37.02697 19.99 0.476 0.007 293.9 7.6 -2.34 0.47 -2.03 1.55 N 1.0 4.2 Simbad 143.36101 -37.02697
214 5436273903370649472 143.39895 -36.9386 19.78 0.731 -0.126 277.92 3.79 -3.07 0.3 -2.5 0.31 N 0.98 4.1 Simbad 143.39895 -36.9386
215 5436275209040795520 143.42767 -36.87724 19.67 -0.032 0.091 294.27 2.54 -1.51 0.32 -2.7 0.39 N 1.0 5.2 Simbad 143.42767 -36.87724
216 5436277442423812864 143.62573 -36.86545 19.62 0.114 0.531 291.04 2.83 -1.62 0.33 -1.66 0.42 N 1.0 5.3 Simbad 143.62573 -36.86545
217 5436278163976007552 143.71112 -36.84011 19.09 -0.214 -0.755 68.05 3.0 -1.34 0.19 -2.13 0.95 N 0.0 6.6 Simbad 143.71112 -36.84011
218 5436279435286345856 143.6367 -36.79391 19.84 0.09 0.309 290.73 3.43 -1.76 0.3 -1.85 0.51 N 1.0 4.3 Simbad 143.6367 -36.79391
219 5436280637879560064 143.51345 -36.81842 18.49 0.054 -0.061 296.41 1.1 -1.86 0.17 -2.25 0.24 N 1.0 14.1 Simbad 143.51345 -36.81842
220 5436281187635453440 143.55552 -36.76365 19.53 0.173 0.093 281.26 2.62 -2.18 0.37 -1.62 0.33 N 1.0 5.2 Simbad 143.55552 -36.76365
221 5436282630742040704 143.59279 -36.75601 18.48 -0.061 0.165 296.56 1.15 -1.53 0.2 -1.78 0.24 N 1.0 13.0 Simbad 143.59279 -36.75601
222 5436283871993397760 143.56697 -36.69382 19.76 -0.571 -0.2 292.33 3.45 -2.3 0.29 -1.57 0.44 N 1.0 4.6 Simbad 143.56697 -36.69382
223 5436286685193498496 143.24803 -36.82163 18.22 -0.134 0.107 287.6 0.95 -2.25 0.15 -2.24 0.17 N 1.0 17.5 Simbad 143.24803 -36.82163
224 5436286925711641088 143.38218 -36.84177 17.75 -0.165 0.096 289.36 0.79 -1.05 0.07 -1.51 0.18 N 1.0 19.7 Simbad 143.38218 -36.84177
225 5436287647266223744 143.35936 -36.78916 19.75 -0.105 -0.484 284.61 4.02 -2.53 0.37 -2.08 0.31 N 1.0 4.4 Simbad 143.35936 -36.78916
226 5436288884216915584 143.34123 -36.71924 19.11 -0.346 0.69 50.2 1.5 -0.14 0.09 -0.91 0.3 N 0.0 9.1 Simbad 143.34123 -36.71924
227 5436289502692042240 143.21505 -36.8228 19.61 -0.254 0.294 304.54 3.37 -2.22 0.3 -1.98 0.55 N 1.0 5.6 Simbad 143.21505 -36.8228
228 5436289605771285248 143.21487 -36.80503 18.77 -0.19 -0.013 288.79 1.28 -1.23 0.11 -1.82 0.25 N 1.0 11.0 Simbad 143.21487 -36.80503
229 5436292977320640896 143.29165 -36.65789 19.19 0.269 0.148 281.56 2.84 -3.32 0.4 -3.27 0.26 N 1.0 7.2 Simbad 143.29165 -36.65789
230 5436293832019231488 143.42622 -36.72378 18.81 -0.398 0.373 287.03 1.4 -1.5 0.14 -1.61 0.22 N 1.0 10.6 Simbad 143.42622 -36.72378
231 5436293866378975488 143.4412 -36.72019 19.6 0.041 0.196 289.84 3.11 -1.15 0.26 -1.88 0.26 N 1.0 5.2 Simbad 143.4412 -36.72019
232 5436295141987604224 143.4575 -36.67188 19.25 -0.326 0.383 291.09 1.85 -2.04 0.27 -1.39 0.22 N 1.0 8.8 Simbad 143.4575 -36.67188
233 5436295206408872192 143.45451 -36.65791 19.76 -0.267 -0.398 287.1 3.36 -2.27 0.28 -2.11 0.49 N 1.0 5.2 Simbad 143.45451 -36.65791
234 5436295416865505792 143.43849 -36.64101 18.63 -0.073 0.209 294.74 1.06 -1.4 0.13 -1.76 0.24 N 1.0 12.5 Simbad 143.43849 -36.64101
235 5436296305918070144 143.57828 -36.61252 18.24 -0.013 0.261 285.53 1.1 -1.24 0.13 -1.52 0.23 N 1.0 13.3 Simbad 143.57828 -36.61252
236 5436298367504843136 143.38099 -36.63205 19.71 -0.194 0.082 291.83 2.82 -1.86 0.26 -1.81 0.48 N 1.0 4.4 Simbad 143.38099 -36.63205
237 5436298985980138624 143.3247 -36.62919 18.52 -0.107 0.008 297.87 1.18 -2.26 0.15 -2.1 0.22 N 1.0 12.8 Simbad 143.3247 -36.62919
238 5436299643108615040 143.37107 -36.55772 19.53 -0.068 -0.276 280.92 2.74 -1.74 0.23 -1.88 0.24 N 1.0 5.3 Simbad 143.37107 -36.55772
239 5436300600885527296 143.47996 -36.52073 19.21 0.062 -0.719 166.41 3.93 -1.23 0.3 -2.01 0.42 N 0.0 4.9 Simbad 143.47996 -36.52073
240 5436300841403685248 143.45075 -36.52599 19.54 -0.062 0.213 288.42 2.28 -1.47 0.24 -1.88 0.62 N 1.0 5.8 Simbad 143.45075 -36.52599
241 5436301116281569792 143.38453 -36.53597 19.12 0.006 0.085 279.68 1.66 -0.87 0.05 -1.31 0.31 N 1.0 8.2 Simbad 143.38453 -36.53597
242 5436303349664308736 143.73741 -36.7163 19.41 -0.114 -0.051 284.97 2.89 -1.83 0.29 -3.03 0.82 N 1.0 5.8 Simbad 143.73741 -36.7163
