data/ji2021/table4.csv
# %ECSV 1.0
# ---
# datatype:
# - name: recno
#   datatype: int32
#   description: Record number assigned by the VizieR team. Should Not be used for identification.
#   meta: !!omap
#   - {ucd: RECORD}
#   - {width: 8}
# - name: Gaia
#   datatype: int64
#   description: Gaia EDR3 Source ID
#   meta: !!omap
#   - {ucd: ID_MAIN}
#   - {width: 19}
# - name: RA_ICRS
#   unit: deg
#   datatype: float64
#   format: '{:9.5f}'
#   description: '[141.9/146] Right Ascension (ICRS) at Epoch=2015.5'
#   meta: !!omap
#   - {ucd: POS_EQ_RA_MAIN}
#   - {width: 9}
#   - {precision: '5'}
# - name: DE_ICRS
#   unit: deg
#   datatype: float64
#   format: '{:9.5f}'
#   description: '[-38.8/-34.5] Declination (ICRS) at Epoch=2015.5'
#   meta: !!omap
#   - {ucd: POS_EQ_DEC_MAIN}
#   - {width: 9}
#   - {precision: '5'}
# - name: Gmag
#   unit: mag
#   datatype: float32
#   format: '{:5.2f}'
#   description: '[16.97/20.34] Gaia EDR3 G-band magnitude'
#   meta: !!omap
#   - {ucd: PHOT_MAG_OPTICAL}
#   - {width: 5}
#   - {precision: '2'}
# - name: pmRA
#   unit: mas / yr
#   datatype: float32
#   format: '{:6.3f}'
#   description: '[-3.9/1.1] Gaia EDR3 Proper motion in Right Ascension'
#   meta: !!omap
#   - {ucd: POS_EQ_PMRA}
#   - {width: 6}
#   - {precision: '3'}
# - name: pmDE
#   unit: mas / yr
#   datatype: float32
#   format: '{:6.3f}'
#   description: '[-4.9/2.2] Gaia EDR3 Proper motion in Declination'
#   meta: !!omap
#   - {ucd: POS_EQ_PMDEC}
#   - {width: 6}
#   - {precision: '3'}
# - name: HRV
#   unit: km / s
#   datatype: float32
#   format: '{:7.2f}'
#   description: '[-105/420] Heliocentric Radial Velocity'
#   meta: !!omap
#   - {ucd: VELOC_HC}
#   - {width: 7}
#   - {precision: '2'}
# - name: e_HRV
#   unit: km / s
#   datatype: float32
#   format: '{:5.2f}'
#   description: '[0.7/10] Uncertainty in HRV'
#   meta: !!omap
#   - {ucd: ERROR}
#   - {width: 5}
#   - {precision: '2'}
# - name: '[Fe/H]1'
#   datatype: float32
#   format: '{:5.2f}'
#   description: '[-3.5/1] Metallicity, S5 data release (DR2.2)'
#   meta: !!omap
#   - {ucd: PHYS_ABUND_FE/H}
#   - {width: 5}
#   - {precision: '2'}
# - name: e_[Fe/H]1
#   datatype: float32
#   format: '{:5.2f}'
#   description: '[0.01/99] Uncertainty in [Fe/H]1'
#   meta: !!omap
#   - {ucd: ERROR}
#   - {width: 5}
#   - {precision: '2'}
# - name: '[Fe/H]2'
#   datatype: float32
#   format: '{:5.2f}'
#   description: '[-3.5/1.8] Metallicity, higher-resolution red calcium triplet (CaT)'
#   meta: !!omap
#   - {ucd: PHYS_ABUND_FE/H}
#   - {width: 5}
#   - {precision: '2'}
# - name: e_[Fe/H]2
#   datatype: float32
#   format: '{:5.2f}'
#   description: '[0.1/5] Uncertainty in [Fe/H]2'
#   meta: !!omap
#   - {ucd: ERROR}
#   - {width: 5}
#   - {precision: '2'}
# - name: Bin
#   datatype: string
#   description: '[YN] Binary Flag'
#   meta: !!omap
#   - {ucd: CODE_MISC}
#   - {_votable_string_dtype: char}
# - name: Mm
#   datatype: float32
#   format: '{:5.2f}'
#   description: '[0/1] Membership probability'
#   meta: !!omap
#   - {ucd: CODE_MEMB}
#   - {width: 5}
#   - {precision: '2'}
# - name: S/N
#   datatype: float32
#   format: '{:4.1f}'
#   description: '[4/32.2] Spectra Signal to Noise'
#   meta: !!omap
#   - {ucd: INST_S/N}
#   - {width: 4}
#   - {precision: '1'}
# - name: Simbad
#   datatype: string
#   description: Simbad column added by the CDS
#   meta: !!omap
#   - {ucd: DATA_LINK}
#   - {_votable_string_dtype: char}
#   - {_votable_arraysize: 6*}
# - name: _RA.icrs
#   unit: deg
#   datatype: float64
#   format: '{:9.5f}'
#   description: Right ascension (ICRS) at Epoch=J2000, proper motions taken into account
#   meta: !!omap
#   - {ucd: POS_EQ_RA_OTHER}
#   - {width: 9}
#   - {precision: '5'}
# - name: _DE.icrs
#   unit: deg
#   datatype: float64
#   format: '{:9.5f}'
#   description: Declination (ICRS) at Epoch=J2000, proper motions taken into account
#   meta: !!omap
#   - {ucd: POS_EQ_DEC_OTHER}
#   - {width: 9}
#   - {precision: '5'}
# meta: !!omap
# - {ID: J_ApJ_921_32_table4}
# - {name: J/ApJ/921/32/table4}
# - {description: Antlia 2 data}
# schema: astropy-2.0
recno Gaia RA_ICRS DE_ICRS Gmag pmRA pmDE HRV e_HRV [Fe/H]1 e_[Fe/H]1 [Fe/H]2 e_[Fe/H]2 Bin Mm S/N Simbad _RA.icrs _DE.icrs
[from data line 243]
244 5436308022588886528 143.6304 -36.59159 18.4 -0.009 0.207 291.08 1.11 -1.13 99.0 -1.52 0.28 N 1.0 12.7 Simbad 143.6304 -36.59159
245 5436308503625267712 143.68658 -36.56612 19.12 -0.018 0.296 285.9 1.84 -3.0 0.29 -2.55 0.27 N 1.0 8.0 Simbad 143.68658 -36.56612
246 5436308645360903296 143.71045 -36.53089 19.96 -0.331 0.458 295.27 3.78 -1.26 0.38 -2.5 0.34 N 1.0 4.8 Simbad 143.71045 -36.53089
247 5436309362618780160 143.82586 -36.53722 19.28 0.574 0.521 17.64 1.67 -0.33 0.14 -0.55 0.34 N 0.0 7.3 Simbad 143.82586 -36.53722
248 5436310157189357952 143.73506 -36.51206 19.67 -0.113 0.252 288.81 2.59 -1.71 0.24 -1.94 1.76 N 1.0 5.3 Simbad 143.73506 -36.51206
249 5436310462130480896 143.77663 -36.50139 19.53 -0.73 -0.483 1.31 2.25 -0.64 0.18 -1.26 0.33 N 0.0 6.1 Simbad 143.77663 -36.50139
250 5436312695513508992 143.96802 -36.48649 19.67 0.361 0.503 279.92 3.85 -3.1 0.36 -2.75 1.59 N 1.0 4.1 Simbad 143.96802 -36.48649
251 5436313352648732416 144.06532 -36.47939 17.68 -0.115 0.049 291.51 0.81 -1.6 0.28 -1.81 0.15 N 1.0 23.4 Simbad 144.06532 -36.47939
252 5436314104262960128 144.09245 -36.41026 18.9 -0.098 -0.326 339.54 1.84 -0.61 0.15 -2.08 0.25 N 0.0 6.6 Simbad 144.09245 -36.41026
253 5436314276061554560 144.01622 -36.45113 19.68 0.309 -0.2 286.35 3.1 -1.44 0.32 -1.82 0.37 N 1.0 4.2 Simbad 144.01622 -36.45113
254 5436314967556399488 144.08186 -36.37931 19.39 -0.21 0.407 273.17 3.23 -1.8 0.28 -2.17 0.24 N 1.0 5.0 Simbad 144.08186 -36.37931
255 5436316062767993728 143.95431 -36.43209 19.49 -0.294 -0.237 287.3 2.41 -1.86 0.24 -1.51 0.51 N 1.0 5.4 Simbad 143.95431 -36.43209
256 5436319017705776896 143.90085 -36.31768 19.6 0.391 0.308 282.11 2.89 -1.22 0.21 -1.8 0.61 N 1.0 5.2 Simbad 143.90085 -36.31768
257 5436319949718626432 143.62563 -36.56253 19.53 -0.209 0.215 291.2 2.33 -2.3 0.25 -1.21 0.41 N 1.0 5.0 Simbad 143.62563 -36.56253
258 5436319979777912960 143.64349 -36.55009 18.64 -0.105 -0.043 287.78 1.45 -2.7 0.15 -2.33 0.2 N 1.0 9.7 Simbad 143.64349 -36.55009
259 5436321285448088576 143.57534 -36.49021 18.79 -0.036 0.135 295.45 1.16 -1.57 0.18 -1.86 0.25 N 1.0 10.4 Simbad 143.57534 -36.49021
260 5436321427183608576 143.6291 -36.49921 18.86 0.031 0.283 59.05 1.66 -0.82 0.06 -2.32 0.17 N 0.0 16.8 Simbad 143.6291 -36.49921
261 5436322148741832064 143.71258 -36.47367 18.27 -0.052 -0.017 292.91 1.03 -1.88 0.12 -1.9 0.23 N 1.0 13.9 Simbad 143.71258 -36.47367
262 5436323965507984256 143.67123 -36.36438 19.26 0.137 -0.471 137.98 2.29 -1.95 0.2 -1.54 0.34 N 0.0 6.6 Simbad 143.67123 -36.36438
263 5436325928308145792 143.54718 -36.39367 19.73 0.027 0.496 273.63 3.23 -1.39 0.21 -1.75 0.55 Y 1.0 5.3 Simbad 143.54718 -36.39367
264 5436326370689571584 143.62415 -36.40289 19.21 -0.284 0.419 280.67 1.94 -1.73 0.31 -1.98 1.09 N 1.0 7.3 Simbad 143.62415 -36.40289
265 5436327023524754688 143.67629 -36.34206 19.17 -0.391 -0.661 219.94 3.5 -0.81 0.4 -1.76 0.75 N 0.0 4.9 Simbad 143.67629 -36.34206
266 5436327027824221952 143.67603 -36.33466 19.98 -0.151 0.857 48.03 2.54 0.46 0.19 -2.48 1.58 N 0.0 4.2 Simbad 143.67603 -36.33466
267 5436327332762468352 143.66918 -36.3141 19.5 0.281 -0.903 88.91 1.83 -0.46 0.11 -2.12 0.99 N 0.0 6.2 Simbad 143.66918 -36.3141
268 5436328191756014208 143.62239 -36.2775 18.31 -0.103 0.104 300.07 0.95 -1.86 0.27 -1.67 0.2 N 1.0 14.8 Simbad 143.62239 -36.2775
269 5436328397914464000 143.6066 -36.27013 18.98 -0.258 1.335 44.61 1.66 -0.82 0.16 -1.78 0.52 N 0.0 9.3 Simbad 143.6066 -36.27014
270 5436329085108996352 143.83955 -36.36614 19.23 -0.1 0.188 294.2 1.66 -2.29 0.23 -1.54 0.37 N 1.0 7.0 Simbad 143.83955 -36.36614
271 5436330562577974272 143.76896 -36.27276 19.7 0.156 -0.242 280.6 4.69 -1.95 0.27 -2.05 0.61 N 1.0 4.7 Simbad 143.76896 -36.27276
272 5436330704316161408 143.79354 -36.24431 19.34 -1.563 -0.138 27.14 2.81 0.24 0.21 -1.71 1.27 N 0.0 4.1 Simbad 143.79355 -36.24431
273 5436331730809217152 143.94198 -36.21556 19.55 0.229 0.22 16.37 1.41 1.0 0.05 -1.93 1.02 N 0.0 5.6 Simbad 143.94198 -36.21556
274 5436331936967557760 143.83406 -36.25406 19.53 -0.091 -0.01 357.1 2.54 -1.07 0.13 -2.43 1.21 N 0.0 4.8 Simbad 143.83406 -36.25406
275 5436332211845511424 143.80916 -36.23609 19.27 -0.123 0.028 281.68 1.74 -1.44 0.23 -1.27 0.5 N 1.0 7.0 Simbad 143.80916 -36.23609
276 5436333276997289088 143.66386 -36.27871 17.98 -0.1 -0.044 286.34 0.81 -0.91 0.08 -1.86 0.16 N 1.0 20.3 Simbad 143.66386 -36.27871
277 5436333517515497856 143.75842 -36.26396 19.75 0.106 0.633 285.57 4.99 -1.74 0.25 -1.29 0.78 N 1.0 4.1 Simbad 143.75842 -36.26396
278 5436334513948011136 143.65057 -36.22014 18.83 -0.106 0.182 293.48 1.37 -1.72 0.19 -1.72 0.34 N 1.0 9.6 Simbad 143.65057 -36.22014
279 5436336781691186688 143.78449 -36.12983 18.43 -0.193 0.118 287.26 1.29 0.01 0.14 -1.39 0.23 N 1.0 11.0 Simbad 143.78449 -36.12983
280 5436342141811497472 143.0022 -36.64543 18.97 -0.087 0.061 291.38 1.88 -2.21 0.25 -1.83 0.22 N 1.0 9.3 Simbad 143.0022 -36.64543
281 5436343550560902912 143.0283 -36.55949 18.35 -0.095 0.187 300.24 1.03 -1.76 0.16 -1.91 0.21 N 1.0 14.8 Simbad 143.0283 -36.55949
282 5436346441076605440 143.24912 -36.56326 17.67 0.11 0.206 291.31 0.87 -1.65 0.09 -1.83 0.18 N 1.0 18.5 Simbad 143.24912 -36.56326
283 5436347020894546304 143.27037 -36.51098 18.23 -0.299 0.047 62.7 1.04 -0.34 0.06 -1.21 0.2 N 0.0 15.7 Simbad 143.27037 -36.51098
284 5436347536290625152 143.20709 -36.50704 19.81 0.125 -0.188 284.29 5.24 -1.48 0.35 -2.37 0.52 N 1.0 4.0 Simbad 143.20709 -36.50704
285 5436350942198067072 143.17024 -36.46336 18.93 -0.015 -0.262 20.01 2.56 -1.03 0.03 -2.04 0.19 N 0.0 12.8 Simbad 143.17024 -36.46336
286 5436356091865763072 142.85471 -36.54786 19.47 0.114 -0.17 278.29 4.6 -1.71 0.34 -1.83 0.59 N 1.0 4.6 Simbad 142.85471 -36.54786
287 5436357397535566848 142.97192 -36.47763 18.49 0.029 0.05 299.44 1.68 -1.16 99.0 -1.99 0.18 N 1.0 14.3 Simbad 142.97192 -36.47763
288 5436358806285179904 143.01268 -36.39606 18.29 -0.388 -0.372 14.56 0.92 0.1 0.05 -1.27 0.21 N 0.0 15.0 Simbad 143.01268 -36.39606
289 5436360249394185728 142.84233 -36.40307 19.25 0.231 0.262 28.95 3.2 -0.74 0.2 -2.11 1.3 N 0.0 4.6 Simbad 142.84233 -36.40307
290 5436364613080731520 143.10234 -36.33107 19.28 -0.15 0.463 288.83 2.69 -2.29 0.3 -2.39 0.49 N 1.0 5.8 Simbad 143.10234 -36.33107
291 5436365712592666752 143.06073 -36.28179 19.62 -0.116 -0.176 283.05 3.46 -2.15 0.35 -1.28 0.57 N 1.0 5.1 Simbad 143.06073 -36.28179
292 5436366502864340480 143.22869 -36.26018 18.5 -0.561 -0.167 14.6 1.46 -0.49 0.09 -1.46 0.24 N 0.0 11.0 Simbad 143.22869 -36.26018
293 5436367464937385856 143.14078 -36.20753 19.3 0.756 0.203 63.89 2.9 -1.18 0.19 -2.56 1.09 N 0.0 5.9 Simbad 143.14078 -36.20753
294 5436367980336605184 143.18131 -36.17751 19.81 -0.32 0.547 280.93 3.88 -2.06 0.36 -2.32 1.37 N 1.0 4.5 Simbad 143.18131 -36.17751
295 5436368740542449152 143.03244 -36.25731 19.11 -0.194 -0.05 279.73 2.17 -0.74 0.33 -0.82 0.43 N 1.0 7.5 Simbad 143.03244 -36.25731
296 5436369732681863808 142.95578 -36.20581 19.71 -0.358 -0.714 27.63 2.97 -1.1 0.25 -2.01 0.6 N 0.0 4.3 Simbad 142.95578 -36.20581
297 5436370007559778048 143.02901 -36.18254 19.43 -0.309 -0.964 419.21 4.02 -2.31 0.34 -2.32 0.41 N 0.0 5.2 Simbad 143.02901 -36.18254
298 5436370557313676800 143.1019 -36.18127 19.82 -0.351 0.398 17.7 3.63 -1.72 0.38 -1.81 0.59 N 0.0 5.0 Simbad 143.1019 -36.18127
299 5436373649689683584 143.40716 -36.35455 19.8 -0.204 0.651 282.52 3.96 -2.1 0.36 -1.14 0.33 N 1.0 4.8 Simbad 143.40716 -36.35455
300 5436373821488419200 143.4051 -36.33739 18.85 0.019 0.013 292.42 2.09 -1.93 0.33 -2.17 0.67 N 1.0 8.9 Simbad 143.4051 -36.33739
301 5436374405604130688 143.4603 -36.27195 19.82 -0.349 0.319 285.4 2.68 -1.12 0.3 -2.05 0.4 N 1.0 4.6 Simbad 143.4603 -36.27195
302 5436375268898832128 143.57176 -36.2763 19.59 -0.204 -0.377 287.76 3.79 -1.69 0.37 -1.65 1.77 Y 1.0 4.1 Simbad 143.57176 -36.2763
303 5436375848713163520 143.48703 -36.26415 19.24 0.356 0.59 279.44 2.07 -1.26 0.17 -1.96 0.4 Y 0.96 7.5 Simbad 143.48703 -36.26415
304 5436375986152195584 143.52 -36.23278 19.68 -0.358 0.007 293.56 3.79 -1.69 0.32 -0.72 0.86 N 1.0 5.0 Simbad 143.52 -36.23278
305 5436376501548590464 143.55029 -36.20178 19.18 0.138 0.102 289.48 1.4 -0.54 0.14 -1.85 0.57 N 1.0 9.0 Simbad 143.55029 -36.20178
306 5436378876664946560 143.33986 -36.19734 19.5 -0.998 0.637 11.99 1.6 -0.39 0.12 -0.21 0.74 N 0.0 5.2 Simbad 143.33987 -36.19734
307 5436379838737428352 143.50883 -36.14285 19.95 -2.035 0.489 -9.17 7.32 -0.7 99.0 -2.3 1.18 N 0.0 5.4 Simbad 143.50884 -36.14285
308 5436382995539302656 143.6264 -36.12229 19.7 -0.08 -0.089 302.35 1.98 1.0 0.11 -1.85 0.53 N 0.97 4.4 Simbad 143.6264 -36.12229
309 5436383274715868800 143.60108 -36.09983 19.6 -0.545 0.329 281.84 5.2 -1.52 0.15 -2.59 0.37 N 1.0 4.9 Simbad 143.60108 -36.09983
310 5436383377790338048 143.60604 -36.08685 19.51 -0.121 -0.044 -33.12 6.99 -1.03 0.16 -2.11 1.24 N 0.0 5.0 Simbad 143.60604 -36.08685
311 5436384060691249408 143.73767 -36.09091 19.05 -0.855 0.692 182.94 2.51 -0.59 0.25 -0.76 0.45 N 0.0 5.8 Simbad 143.73767 -36.09091
312 5436384095051010816 143.7519 -36.07884 19.78 0.52 0.292 48.58 4.68 -0.48 0.21 -2.19 1.54 N 0.0 4.0 Simbad 143.7519 -36.07884
313 5436386259714494464 143.57046 -36.09551 19.12 -0.01 0.186 285.98 1.75 -1.12 0.17 -1.64 0.42 N 1.0 8.1 Simbad 143.57046 -36.09551
314 5436388390018443008 143.59917 -35.9915 18.26 0.015 0.064 283.04 1.33 0.0 99.0 -1.64 0.23 N 1.0 13.6 Simbad 143.59917 -35.9915
315 5436390039286000512 143.60954 -35.89105 19.03 -0.304 -0.059 283.08 1.91 -1.29 0.18 -2.23 0.39 N 1.0 7.2 Simbad 143.60954 -35.89105
316 5436391001358289024 143.27803 -36.14797 19.34 -0.208 -0.409 287.99 2.59 -1.7 0.27 -2.28 0.6 N 1.0 6.1 Simbad 143.27803 -36.14797
317 5436394162454474496 143.3645 -36.00042 19.5 -0.148 0.031 291.59 3.87 -1.59 0.35 -2.43 0.54 N 1.0 4.3 Simbad 143.3645 -36.00042
318 5436394540411390208 143.18909 -36.12199 19.76 -0.131 -0.081 284.22 3.41 -1.88 0.47 -2.19 0.64 N 1.0 4.4 Simbad 143.18909 -36.12199
319 5436397976384974592 143.25226 -35.96704 18.54 0.133 -0.134 158.23 1.27 -0.64 0.1 -1.29 0.23 N 0.0 11.3 Simbad 143.25226 -35.96704
320 5436398908396850816 143.44198 -36.03782 19.28 -0.122 -0.108 286.73 2.01 -0.78 0.15 -2.27 0.35 N 1.0 6.4 Simbad 143.44198 -36.03782
321 5436400209768485248 143.40609 -35.95701 18.45 -0.115 0.037 292.32 1.53 -2.25 0.28 -2.03 0.23 N 1.0 10.1 Simbad 143.40609 -35.95701
322 5436401244858988288 143.55029 -35.93009 18.96 -0.134 0.222 278.26 4.46 -2.28 0.36 -2.48 0.58 N 1.0 5.6 Simbad 143.55029 -35.93009
323 5436402443151575424 143.50172 -35.86063 18.59 -0.206 0.079 277.95 1.58 -1.43 0.2 -1.49 0.27 N 1.0 9.4 Simbad 143.50172 -35.86063
324 5436425635973249920 144.64045 -36.93626 18.72 -0.287 0.024 289.04 2.43 -2.32 0.22 -1.74 0.39 N 1.0 6.3 Simbad 144.64045 -36.93626
325 5436427388320086400 144.68109 -36.81774 19.43 -0.394 -0.203 210.72 4.19 -1.7 0.27 -2.06 0.45 N 0.0 4.3 Simbad 144.68109 -36.81774
326 5436427942375740416 144.76928 -36.81692 19.16 0.112 0.078 299.88 2.93 -2.51 0.36 -3.02 0.27 N 1.0 5.6 Simbad 144.76928 -36.81692
327 5436430686855066496 144.63107 -36.76946 19.03 -0.17 0.051 289.85 2.35 -1.76 0.3 -2.18 0.39 N 1.0 6.8 Simbad 144.63107 -36.76946
328 5436430927373158400 144.56263 -36.80884 19.02 -0.103 -0.86 285.7 2.79 -2.6 0.24 -2.82 0.27 N 0.0 6.6 Simbad 144.56263 -36.80884
329 5436431172191210624 144.52058 -36.78698 19.46 -0.027 0.068 284.8 3.05 -2.59 0.35 -2.4 0.37 N 1.0 6.1 Simbad 144.52058 -36.78698
330 5436435050542002304 144.89 -36.69562 18.72 -0.01 -0.734 85.99 5.42 -1.37 0.39 -0.96 0.53 N 0.0 4.3 Simbad 144.89 -36.69562
331 5436437180845996032 144.94093 -36.61563 18.37 -0.022 0.215 295.71 2.4 -2.25 0.33 -2.38 0.77 N 1.0 7.3 Simbad 144.94093 -36.61563
332 5436441991209683328 144.80979 -36.51237 19.3 -0.404 0.037 286.8 2.64 -1.76 0.3 -2.36 0.32 N 1.0 6.3 Simbad 144.80979 -36.51237
333 5436442575325417600 144.85752 -36.45931 17.82 -0.205 0.085 295.75 0.95 -1.0 0.11 -1.52 0.23 N 1.0 12.4 Simbad 144.85752 -36.45931
334 5436450340626064128 145.22903 -36.52309 18.23 0.13 -0.493 16.2 1.39 -0.27 0.1 -1.19 0.28 N 0.0 10.8 Simbad 145.22903 -36.52309
335 5436451130900112128 145.19841 -36.50336 19.17 -0.864 -0.378 10.21 1.5 -1.21 0.17 -1.89 0.98 N 0.0 5.7 Simbad 145.19841 -36.50336
336 5436451547512052736 145.1919 -36.46049 19.16 -0.184 -0.517 12.34 3.28 -0.98 0.27 -2.17 1.34 N 0.0 4.7 Simbad 145.1919 -36.46049
337 5436452543945480960 145.40587 -36.52329 19.44 -1.096 -0.764 12.48 2.51 0.43 0.24 -1.85 1.46 N 0.0 4.3 Simbad 145.40588 -36.52329
338 5436454914771869056 145.48468 -36.40139 19.12 -0.428 0.459 -2.39 3.23 -0.37 0.2 -1.79 0.51 Y 0.0 4.3 Simbad 145.48468 -36.40139
339 5436462297815197952 145.06259 -36.47074 18.67 -0.011 0.621 -4.5 4.33 -1.86 99.0 -2.01 0.44 N 0.0 4.5 Simbad 145.06259 -36.47074
340 5436479683842237056 144.4467 -36.66065 18.7 0.049 -0.016 281.51 1.93 -1.5 0.15 -2.6 0.26 N 1.0 9.1 Simbad 144.4467 -36.66065
341 5436482501340723072 144.41175 -36.68226 17.93 -0.097 0.048 290.1 1.28 0.0 0.33 -1.53 0.21 N 1.0 12.2 Simbad 144.41175 -36.68226
342 5436485082617360256 144.49881 -36.55405 19.49 -0.098 0.475 286.43 4.31 -1.22 0.11 -1.78 0.75 N 1.0 4.4 Simbad 144.49881 -36.55405
343 5436486319570812032 144.48709 -36.50562 19.07 0.446 0.301 270.33 3.06 -1.08 0.23 -2.23 0.28 N 0.81 6.9 Simbad 144.48709 -36.50562
344 5436496176517041920 144.30609 -36.52817 19.56 0.254 -0.111 294.19 2.9 -1.45 0.18 -1.38 0.76 N 1.0 5.0 Simbad 144.30609 -36.52817
345 5436496829352045056 144.267 -36.5383 18.37 -0.155 0.035 291.01 1.03 -1.5 0.12 -1.86 0.19 N 1.0 13.5 Simbad 144.267 -36.5383
346 5436496966791076608 144.28631 -36.51276 18.48 -0.414 -0.029 285.75 0.97 0.0 0.22 -1.27 0.26 N 0.99 13.7 Simbad 144.28631 -36.51276
347 5436498066302839936 144.41463 -36.47283 18.72 -0.049 -1.499 54.45 1.39 0.32 0.12 -0.46 0.33 N 0.0 7.7 Simbad 144.41463 -36.47282
348 5436500299685886976 144.25075 -36.45761 19.33 -1.084 0.277 76.95 5.97 0.0 0.2 -1.88 1.25 N 0.0 4.9 Simbad 144.25076 -36.45761
349 5436500746362562560 144.29945 -36.43647 17.72 -0.111 0.127 277.83 1.32 -0.53 99.0 -1.52 0.18 N 1.0 19.4 Simbad 144.29945 -36.43647
350 5436502090686722176 144.20343 -36.36502 19.34 -0.129 -0.078 295.45 1.9 -1.22 0.15 -1.76 0.4 N 1.0 7.0 Simbad 144.20343 -36.36502
351 5436502704867942272 144.32551 -36.35577 17.99 -0.023 0.244 289.7 0.93 -1.19 99.0 -1.36 0.2 N 1.0 17.0 Simbad 144.32551 -36.35577
352 5436506454373295744 144.46374 -36.28565 19.75 0.212 -0.938 99.96 1.71 -0.34 0.18 -0.98 0.27 N 0.0 9.7 Simbad 144.46374 -36.28565
353 5436507519525058944 144.61337 -36.23702 19.18 0.225 0.55 43.23 4.04 -0.88 0.21 -2.24 1.35 N 0.0 4.4 Simbad 144.61337 -36.23702
354 5436511466601747072 144.48294 -36.17957 18.67 -2.223 0.009 17.58 1.24 0.0 0.16 -1.47 0.36 N 0.0 10.1 Simbad 144.48295 -36.17957
355 5436534728145162624 144.76468 -36.02224 19.45 -0.443 -1.496 34.2 3.41 -0.43 0.29 -1.53 0.51 N 0.0 4.0 Simbad 144.76468 -36.02223
356 5436557856543843200 145.76226 -36.17009 18.32 -0.361 -0.9 22.9 1.48 -0.8 0.06 -1.06 0.3 N 0.0 18.6 Simbad 145.76226 -36.17009
357 5436573898244585600 145.36049 -35.95479 19.35 -0.218 1.705 175.24 3.99 -1.27 0.23 -1.99 0.65 N 0.0 4.1 Simbad 145.36049 -35.9548
358 5436577128061003904 145.63869 -35.92616 19.09 -0.02 -1.363 129.15 3.71 -0.93 0.23 -2.31 1.16 N 0.0 5.3 Simbad 145.63869 -35.92615
359 5436636849584827392 145.03014 -35.81035 19.13 0.071 0.277 286.85 4.03 -1.69 0.43 -2.14 0.81 N 1.0 5.2 Simbad 145.03014 -35.81035
360 5436640109460789760 145.07057 -35.67196 18.3 -0.061 -0.401 239.43 1.69 -0.9 0.14 -2.03 0.64 N 0.0 10.0 Simbad 145.07057 -35.67196
361 5436640865374939136 144.92113 -35.74532 18.91 -1.641 -1.531 -34.93 2.12 -0.59 0.17 -1.53 0.43 N 0.0 6.0 Simbad 144.92114 -35.74531
362 5436642686441213056 144.9543 -35.63457 18.79 -0.27 -0.008 34.02 3.46 -2.34 0.32 -2.08 0.32 N 0.0 5.6 Simbad 144.9543 -35.63457
