data/ji2021/table4.csv
# %ECSV 1.0
# ---
# datatype:
# - name: recno
#   datatype: int32
#   description: Record number assigned by the VizieR team. Should Not be used for identification.
#   meta: !!omap
#   - {ucd: RECORD}
#   - {width: 8}
# - name: Gaia
#   datatype: int64
#   description: Gaia EDR3 Source ID
#   meta: !!omap
#   - {ucd: ID_MAIN}
#   - {width: 19}
# - name: RA_ICRS
#   unit: deg
#   datatype: float64
#   format: '{:9.5f}'
#   description: '[141.9/146] Right Ascension (ICRS) at Epoch=2015.5'
#   meta: !!omap
#   - {ucd: POS_EQ_RA_MAIN}
#   - {width: 9}
#   - {precision: '5'}
# - name: DE_ICRS
#   unit: deg
#   datatype: float64
#   format: '{:9.5f}'
#   description: '[-38.8/-34.5] Declination (ICRS) at Epoch=2015.5'
#   meta: !!omap
#   - {ucd: POS_EQ_DEC_MAIN}
#   - {width: 9}
#   - {precision: '5'}
# - name: Gmag
#   unit: mag
#   datatype: float32
#   format: '{:5.2f}'
#   description: '[16.97/20.34] Gaia EDR3 G-band magnitude'
#   meta: !!omap
#   - {ucd: PHOT_MAG_OPTICAL}
#   - {width: 5}
#   - {precision: '2'}
# - name: pmRA
#   unit: mas / yr
#   datatype: float32
#   format: '{:6.3f}'
#   description: '[-3.9/1.1] Gaia EDR3 Proper motion in Right Ascension'
#   meta: !!omap
#   - {ucd: POS_EQ_PMRA}
#   - {width: 6}
#   - {precision: '3'}
# - name: pmDE
#   unit: mas / yr
#   datatype: float32
#   format: '{:6.3f}'
#   description: '[-4.9/2.2] Gaia EDR3 Proper motion in Declination'
#   meta: !!omap
#   - {ucd: POS_EQ_PMDEC}
#   - {width: 6}
#   - {precision: '3'}
# - name: HRV
#   unit: km / s
#   datatype: float32
#   format: '{:7.2f}'
#   description: '[-105/420] Heliocentric Radial Velocity'
#   meta: !!omap
#   - {ucd: VELOC_HC}
#   - {width: 7}
#   - {precision: '2'}
# - name: e_HRV
#   unit: km / s
#   datatype: float32
#   format: '{:5.2f}'
#   description: '[0.7/10] Uncertainty in HRV'
#   meta: !!omap
#   - {ucd: ERROR}
#   - {width: 5}
#   - {precision: '2'}
# - name: '[Fe/H]1'
#   datatype: float32
#   format: '{:5.2f}'
#   description: '[-3.5/1] Metallicity, S5 data release (DR2.2)'
#   meta: !!omap
#   - {ucd: PHYS_ABUND_FE/H}
#   - {width: 5}
#   - {precision: '2'}
# - name: e_[Fe/H]1
#   datatype: float32
#   format: '{:5.2f}'
#   description: '[0.01/99] Uncertainty in [Fe/H]1'
#   meta: !!omap
#   - {ucd: ERROR}
#   - {width: 5}
#   - {precision: '2'}
# - name: '[Fe/H]2'
#   datatype: float32
#   format: '{:5.2f}'
#   description: '[-3.5/1.8] Metallicity, higher-resolution red calcium triplet (CaT)'
#   meta: !!omap
#   - {ucd: PHYS_ABUND_FE/H}
#   - {width: 5}
#   - {precision: '2'}
# - name: e_[Fe/H]2
#   datatype: float32
#   format: '{:5.2f}'
#   description: '[0.1/5] Uncertainty in [Fe/H]2'
#   meta: !!omap
#   - {ucd: ERROR}
#   - {width: 5}
#   - {precision: '2'}
# - name: Bin
#   datatype: string
#   description: '[YN] Binary Flag'
#   meta: !!omap
#   - {ucd: CODE_MISC}
#   - {_votable_string_dtype: char}
# - name: Mm
#   datatype: float32
#   format: '{:5.2f}'
#   description: '[0/1] Membership probability'
#   meta: !!omap
#   - {ucd: CODE_MEMB}
#   - {width: 5}
#   - {precision: '2'}
# - name: S/N
#   datatype: float32
#   format: '{:4.1f}'
#   description: '[4/32.2] Spectra Signal to Noise'
#   meta: !!omap
#   - {ucd: INST_S/N}
#   - {width: 4}
#   - {precision: '1'}
# - name: Simbad
#   datatype: string
#   description: Simbad column added by the CDS
#   meta: !!omap
#   - {ucd: DATA_LINK}
#   - {_votable_string_dtype: char}
#   - {_votable_arraysize: 6*}
# - name: _RA.icrs
#   unit: deg
#   datatype: float64
#   format: '{:9.5f}'
#   description: Right ascension (ICRS) at Epoch=J2000, proper motions taken into account
#   meta: !!omap
#   - {ucd: POS_EQ_RA_OTHER}
#   - {width: 9}
#   - {precision: '5'}
# - name: _DE.icrs
#   unit: deg
#   datatype: float64
#   format: '{:9.5f}'
#   description: Declination (ICRS) at Epoch=J2000, proper motions taken into account
#   meta: !!omap
#   - {ucd: POS_EQ_DEC_OTHER}
#   - {width: 9}
#   - {precision: '5'}
# meta: !!omap
# - {ID: J_ApJ_921_32_table4}
# - {name: J/ApJ/921/32/table4}
# - {description: Antlia 2 data}
# schema: astropy-2.0
recno Gaia RA_ICRS DE_ICRS Gmag pmRA pmDE HRV e_HRV [Fe/H]1 e_[Fe/H]1 [Fe/H]2 e_[Fe/H]2 Bin Mm S/N Simbad _RA.icrs _DE.icrs
1 5430123686295270528 142.53357 -37.91439 19.45 0.88 1.683 79.01 2.49 0.06 0.16 -0.93 0.43 N 0.0 7.4 Simbad 142.53357 -37.9144
2 5430127019191414144 142.53799 -37.7913 19.0 -0.352 -0.771 38.98 1.96 -1.12 0.22 -1.52 0.36 N 0.0 7.1 Simbad 142.53799 -37.7913
3 5430144851898821120 142.37813 -37.56172 17.76 -0.239 0.021 180.92 1.16 0.1 0.09 -1.99 0.56 N 0.0 10.0 Simbad 142.37813 -37.56172
4 5432707744779139200 145.32899 -38.46708 18.81 -0.212 -0.019 305.01 2.25 -1.14 0.12 -2.42 0.2 N 0.99 9.9 Simbad 145.32899 -38.46708
5 5432712035451068672 145.21509 -38.39652 18.72 -0.087 0.256 291.02 2.03 0.0 99.0 -0.81 0.3 N 1.0 9.0 Simbad 145.21509 -38.39652
6 5432719255291437952 145.42085 -38.47635 18.15 -1.494 -1.091 11.57 0.91 -0.34 0.01 -2.03 0.14 N 0.0 32.2 Simbad 145.42086 -38.47635
7 5432719697672405248 145.43874 -38.44401 18.83 -0.156 0.361 59.5 1.65 -0.17 0.14 -0.98 0.56 N 0.0 6.7 Simbad 145.43874 -38.44401
8 5432721660472955008 145.53543 -38.36941 19.53 -0.528 1.769 267.07 4.21 -2.69 0.49 -2.3 0.4 N 0.0 4.1 Simbad 145.53543 -38.36942
9 5432724542395731200 145.81868 -38.34123 19.3 0.194 -1.032 42.57 3.45 -0.55 0.2 -0.44 0.73 N 0.0 5.2 Simbad 145.81868 -38.34123
10 5432730246112749056 145.68201 -38.19851 19.06 -0.457 -0.228 20.93 2.42 -0.28 0.13 -0.67 0.49 N 0.0 4.3 Simbad 145.68201 -38.19851
11 5432735159555276800 145.44373 -38.23879 19.58 -0.067 -0.293 290.96 4.71 -0.69 0.4 -1.44 0.59 N 0.96 4.1 Simbad 145.44373 -38.23879
12 5432736057203390208 145.36721 -38.3041 19.12 0.526 0.889 5.46 2.58 -0.69 0.43 -0.82 0.59 N 0.0 7.4 Simbad 145.36721 -38.3041
13 5432800619153094784 144.62609 -38.57772 18.89 -0.096 -0.001 295.91 3.33 -2.29 0.38 -1.95 0.59 N 1.0 5.0 Simbad 144.62609 -38.57772
14 5432815943594883456 144.32467 -38.48502 18.81 0.094 0.269 296.32 2.1 0.1 99.0 -1.72 0.45 N 1.0 7.9 Simbad 144.32467 -38.48502
15 5432828618045034496 143.9873 -38.75532 18.19 -0.576 -0.685 1.43 2.2 -1.02 0.12 -1.52 0.43 N 0.0 10.8 Simbad 143.9873 -38.75532
16 5432829824929895424 143.95847 -38.70626 19.69 -0.513 0.825 55.46 5.62 0.1 0.2 -1.46 0.97 N 0.0 4.7 Simbad 143.95847 -38.70626
17 5432847584621060352 143.88772 -38.55068 19.16 -0.845 -0.183 -29.79 3.78 -1.23 0.19 -1.12 0.46 N 0.0 5.5 Simbad 143.88772 -38.55068
18 5432851982667756160 143.7915 -38.46329 19.48 -0.735 0.301 19.97 3.7 -0.53 0.31 -2.29 1.43 N 0.0 4.0 Simbad 143.7915 -38.46329
19 5432856896110223872 144.2528 -38.51619 18.79 0.108 -0.749 40.59 2.08 0.06 0.31 -0.42 0.33 N 0.0 6.8 Simbad 144.2528 -38.51619
20 5432859026413982720 144.1007 -38.52739 19.13 -0.23 0.207 -10.08 1.88 -0.08 0.15 -0.73 0.53 N 0.0 6.2 Simbad 144.1007 -38.52739
21 5432861023576189952 144.10792 -38.45396 17.62 -0.084 0.188 288.19 1.04 -2.24 0.25 -2.12 0.18 N 1.0 20.5 Simbad 144.10792 -38.45396
22 5432865211165288320 144.42614 -38.35072 18.84 -0.377 0.106 308.07 2.44 -2.15 0.43 -2.59 0.38 N 0.99 7.4 Simbad 144.42614 -38.35072
23 5432866482475900928 144.34352 -38.29594 19.42 -0.576 -0.554 255.98 6.28 -2.1 0.32 1.76 4.65 N 0.0 4.1 Simbad 144.34352 -38.29594
24 5432868960675643776 144.23826 -38.26988 19.47 -0.383 0.819 18.06 1.77 -0.33 0.33 -0.36 0.46 N 0.0 5.2 Simbad 144.23826 -38.26988
25 5432872873386837504 143.92539 -38.40775 19.48 -0.579 0.29 31.12 3.23 -0.8 0.24 -1.98 1.21 N 0.0 4.8 Simbad 143.92539 -38.40775
26 5432873564875493632 143.99372 -38.33304 18.87 -0.037 -0.933 15.46 1.84 -0.63 0.09 -1.4 0.32 N 0.0 8.8 Simbad 143.99372 -38.33304
27 5432874213416748288 144.0177 -38.34869 19.28 -0.259 0.205 298.59 3.04 -1.64 0.37 -1.68 0.33 N 1.0 6.5 Simbad 144.0177 -38.34869
28 5432880707407678592 144.15584 -38.24041 19.43 -0.415 -1.346 26.96 2.74 0.08 0.28 -0.67 0.38 N 0.0 5.3 Simbad 144.15584 -38.2404
29 5432880844846625536 144.12177 -38.24506 18.76 0.339 0.352 44.7 1.73 0.08 0.09 -0.84 0.35 N 0.0 7.7 Simbad 144.12177 -38.24506
30 5432882631553192832 144.13307 -38.1198 19.29 0.023 0.096 294.03 3.7 -2.3 0.4 -1.12 0.4 N 1.0 6.4 Simbad 144.13307 -38.1198
31 5432885517771217280 144.09704 -38.11793 19.6 -1.176 0.801 43.15 3.7 -1.0 0.19 -1.09 0.39 N 0.0 4.9 Simbad 144.09705 -38.11793
32 5432888678866433664 144.10212 -37.97505 19.49 -0.138 0.298 293.5 6.58 -2.81 0.44 -2.14 0.47 N 1.0 5.0 Simbad 144.10212 -37.97505
33 5432899880139901184 145.04665 -38.35202 19.5 -1.553 0.698 65.27 2.2 -1.52 99.0 -2.03 1.01 N 0.0 5.8 Simbad 145.04666 -38.35202
34 5432900017578927616 145.01075 -38.34352 19.07 -0.683 -0.517 45.45 2.98 -1.02 0.31 -1.98 0.31 N 0.0 5.3 Simbad 145.01075 -38.34352
35 5432901220169800960 145.15705 -38.29224 19.34 -0.242 0.189 269.1 6.07 -2.25 0.35 -2.55 1.02 N 0.8 4.2 Simbad 145.15705 -38.29224
36 5432910398517005312 144.73723 -38.29058 19.35 0.126 -0.385 16.35 2.29 -0.94 0.1 -1.97 0.32 N 0.0 9.1 Simbad 144.73723 -38.29058
37 5432922110891073408 144.76005 -38.05619 18.79 -0.196 0.077 41.59 2.07 -0.21 0.13 -1.49 0.41 N 0.0 6.8 Simbad 144.76005 -38.05619
38 5432923244763441664 144.90319 -37.9945 18.29 -0.092 0.119 292.65 1.84 -1.31 0.15 -1.57 0.8 N 1.0 10.2 Simbad 144.90319 -37.9945
39 5432925619884476928 145.14466 -38.22482 19.33 0.585 -1.187 30.45 3.29 -0.19 0.17 -0.13 0.49 N 0.0 4.4 Simbad 145.14466 -38.22481
40 5432944341642812672 145.10309 -37.98106 19.26 -0.232 0.311 38.5 2.57 -0.26 0.21 -0.4 0.29 N 0.0 5.7 Simbad 145.10309 -37.98106
41 5432948224293484672 144.95466 -37.87772 19.06 -0.169 -0.271 298.73 2.91 -1.17 0.25 -1.04 0.44 N 0.99 5.2 Simbad 144.95466 -37.87772
42 5432958291697435264 145.23135 -37.63132 18.85 -0.334 -0.629 61.92 3.72 -0.98 0.18 -2.57 0.96 N 0.0 6.1 Simbad 145.23135 -37.63132
43 5432960696880072704 144.53841 -38.17361 18.83 0.106 0.129 297.11 2.0 -1.1 99.0 -1.28 0.36 N 1.0 8.1 Simbad 144.53841 -38.17361
44 5432965266725304192 144.38736 -38.12924 19.24 -1.15 1.712 27.95 3.37 -1.16 0.22 -2.12 1.34 N 0.0 5.2 Simbad 144.38737 -38.12925
45 5432970631141403648 144.74805 -38.00531 18.62 -0.273 0.146 294.53 2.07 -2.24 0.31 -2.09 0.34 N 1.0 11.7 Simbad 144.74805 -38.00531
46 5432971073519343232 144.77075 -37.94908 18.37 -0.169 -0.04 297.26 1.81 -1.81 0.25 -1.91 0.23 N 1.0 10.0 Simbad 144.77075 -37.94908
47 5432973409980637824 144.63703 -37.94024 19.28 -0.142 0.38 301.25 3.65 -1.2 99.0 -0.53 0.52 N 1.0 4.2 Simbad 144.63703 -37.94024
48 5432975407144997120 144.64418 -37.85288 19.28 0.173 0.664 303.86 2.3 -0.33 99.0 -1.77 1.26 N 0.95 5.0 Simbad 144.64418 -37.85288
49 5432980114428744960 144.47614 -37.92811 19.79 -1.019 0.636 24.1 2.69 -0.24 0.24 -1.47 0.47 N 0.0 4.1 Simbad 144.47615 -37.92811
50 5432982549673611392 144.25185 -37.90282 18.5 -0.082 0.046 290.83 1.56 -2.3 0.23 -1.99 0.25 N 1.0 12.1 Simbad 144.25185 -37.90282
51 5432989318539612032 144.5304 -37.77055 19.48 0.136 0.106 281.33 4.6 -1.21 0.33 -1.67 0.58 N 1.0 4.3 Simbad 144.5304 -37.77055
52 5432993682226606848 144.53261 -37.59536 18.91 0.002 0.114 294.47 2.72 -1.41 0.21 -1.47 0.56 N 1.0 6.3 Simbad 144.53261 -37.59536
53 5432993785305735296 144.44174 -37.66196 18.93 0.064 -0.071 283.81 2.38 -2.29 0.33 -2.29 0.34 N 1.0 7.2 Simbad 144.44174 -37.66196
54 5433011446212609664 144.99559 -37.45763 18.93 -0.195 0.101 296.19 2.53 -1.47 0.24 -1.85 0.8 N 1.0 7.0 Simbad 144.99559 -37.45763
55 5433012477003341312 144.65639 -37.70792 19.18 0.492 -0.829 75.11 4.99 -0.74 0.23 0.0 0.66 N 0.0 4.1 Simbad 144.65639 -37.70792
56 5433017802763029120 144.63599 -37.52734 19.24 0.615 0.471 124.32 2.93 -0.72 0.15 -1.28 1.23 N 0.0 5.0 Simbad 144.63599 -37.52734
57 5433314396024181632 145.70636 -37.72691 18.89 0.398 -0.171 39.38 2.66 -0.01 0.17 -0.75 0.59 N 0.0 4.7 Simbad 145.70636 -37.72691
58 5433321989526506496 145.71794 -37.61321 18.8 -0.003 -0.264 20.48 1.99 -0.07 0.13 -1.17 0.78 N 0.0 7.0 Simbad 145.71794 -37.61321
59 5433325391140714624 145.71403 -37.55048 18.38 -0.052 0.051 305.12 2.67 -2.48 0.44 -1.97 0.41 N 1.0 5.4 Simbad 145.71403 -37.55048
60 5433339929606421760 145.54494 -37.3926 19.26 -0.007 -0.338 54.97 2.52 -0.63 0.14 -1.15 0.72 N 0.0 4.7 Simbad 145.54494 -37.3926
61 5433342124333967744 145.63475 -37.2894 18.89 -0.49 0.247 61.72 2.76 -1.27 0.26 -3.49 0.62 N 0.0 4.4 Simbad 145.63475 -37.2894
62 5433389850010633600 145.13677 -37.26912 19.36 0.866 -0.915 20.18 1.75 0.97 0.05 -0.2 0.43 N 0.0 4.2 Simbad 145.13677 -37.26912
63 5433410259693805824 145.17754 -37.02243 18.68 -0.217 -0.21 -8.17 3.48 -0.34 0.18 -2.25 1.1 N 0.0 5.1 Simbad 145.17754 -37.02243
64 5433411668445257088 145.25838 -36.99127 18.58 -0.146 -0.025 293.39 3.63 -1.94 0.37 -2.04 0.8 N 1.0 4.6 Simbad 145.25838 -36.99127
65 5433422083739132032 145.50066 -36.99712 19.18 -0.656 0.084 27.26 2.38 -0.45 0.35 -1.03 0.4 N 0.0 5.3 Simbad 145.50066 -36.99712
66 5433447849250250496 145.47327 -36.68577 19.1 -0.308 1.3 90.79 2.63 0.58 0.32 -1.11 0.56 N 0.0 4.2 Simbad 145.47327 -36.68578
67 5435891513840762240 144.11313 -37.94942 18.39 0.02 0.084 -8.93 1.35 -0.38 0.11 -2.03 0.3 N 0.0 10.5 Simbad 144.11313 -37.94942
68 5435894812375843200 143.89276 -37.90372 18.72 -0.302 -0.107 293.68 2.57 -1.56 0.31 -1.56 0.38 N 1.0 7.7 Simbad 143.89276 -37.90372
69 5435894881095368320 143.87103 -37.89136 19.35 -0.942 0.915 31.62 2.4 -0.47 0.22 -1.96 0.99 N 0.0 5.5 Simbad 143.87104 -37.89136
70 5435895916187265536 144.01917 -37.85092 19.5 0.336 0.524 15.17 2.58 -0.84 0.4 -1.29 0.44 N 0.0 4.2 Simbad 144.01917 -37.85092
71 5435902272736203904 143.48905 -37.97393 20.23 1.041 0.059 46.98 1.75 -0.01 0.09 -0.87 0.45 N 0.0 6.6 Simbad 143.48904 -37.97393
72 5435906460327189120 143.80913 -37.89296 18.81 -0.85 -0.138 65.76 1.89 -0.35 0.32 -2.13 1.0 N 0.0 5.7 Simbad 143.80913 -37.89296
73 5435912782519829376 143.70126 -37.66974 19.09 -0.278 1.281 28.18 2.92 -0.45 0.17 -0.74 0.54 N 0.0 4.9 Simbad 143.70126 -37.66975
74 5435952124419898496 143.47188 -37.78156 18.56 -0.208 -0.06 280.9 5.83 -1.88 0.31 -1.82 0.48 N 1.0 5.8 Simbad 143.47188 -37.78156
75 5435961921239316608 143.73639 -37.57612 19.37 0.045 0.412 57.76 3.97 -1.73 0.17 -1.72 0.35 Y 0.0 5.8 Simbad 143.73639 -37.57612
76 5435963634932788480 143.55642 -37.60371 18.47 -0.04 -0.097 293.14 2.05 -1.91 0.44 -1.76 0.39 N 1.0 7.1 Simbad 143.55642 -37.60371
77 5435965868319438208 143.64604 -37.48816 19.03 -0.313 0.548 54.27 1.91 0.0 0.16 -0.74 0.59 N 0.0 4.4 Simbad 143.64604 -37.48816
78 5435973736696008192 143.09657 -37.54307 19.11 0.001 0.316 286.7 2.05 -1.55 0.39 -1.88 0.29 N 1.0 6.1 Simbad 143.09657 -37.54307
79 5435980161967392384 143.51618 -37.36262 18.73 0.181 0.29 284.57 1.26 -1.37 0.14 -1.82 0.3 N 1.0 11.7 Simbad 143.51618 -37.36262
80 5435980814802461952 143.49772 -37.32113 19.38 0.25 -1.419 44.82 2.05 -0.87 0.17 -1.27 0.59 N 0.0 5.6 Simbad 143.49772 -37.32112
81 5435981020960921600 143.51439 -37.28564 19.32 -0.123 0.068 291.99 2.01 -2.09 0.28 -1.37 0.5 N 1.0 6.9 Simbad 143.51439 -37.28564
82 5435981300131517568 143.35534 -37.40626 19.15 0.278 -0.069 113.28 4.17 -1.42 0.28 -2.26 0.48 N 0.0 4.5 Simbad 143.35534 -37.40626
83 5435986797695062016 144.1155 -37.82608 18.04 0.093 0.274 302.44 1.07 -1.66 0.31 -1.83 0.2 N 1.0 16.0 Simbad 144.1155 -37.82608
84 5435991191443497728 144.01193 -37.73105 18.36 -0.265 0.179 295.87 1.34 0.0 0.03 -1.91 0.55 N 1.0 10.6 Simbad 144.01193 -37.73105
85 5435992565833106304 144.13079 -37.66801 18.95 -0.01 0.276 295.47 1.58 -2.37 0.18 -1.59 1.08 N 1.0 8.2 Simbad 144.13079 -37.66801
86 5435995112751639168 144.33174 -37.64733 18.46 0.032 -0.05 290.42 1.63 -1.27 0.15 -1.78 0.3 N 1.0 11.0 Simbad 144.33174 -37.64733
87 5435997204397418240 144.48458 -37.54036 19.56 -0.047 0.451 296.59 2.93 -1.22 0.25 -1.7 0.4 N 1.0 4.0 Simbad 144.48458 -37.54036
88 5435998372626574720 144.42851 -37.49485 18.91 -0.281 0.092 299.99 1.66 -1.46 0.21 -2.13 0.3 N 1.0 6.3 Simbad 144.42851 -37.49485
89 5436001430643307264 144.36276 -37.47686 18.53 -0.168 0.205 286.16 1.74 -1.1 0.01 -2.58 0.26 N 1.0 11.4 Simbad 144.36276 -37.47686
90 5436002152201098240 144.3108 -37.45482 17.71 -0.039 0.183 294.13 1.11 -1.1 99.0 -2.35 0.17 N 1.0 22.6 Simbad 144.3108 -37.45482
91 5436005450735082880 144.08915 -37.59883 18.68 -0.188 0.27 295.09 1.73 -1.19 0.24 -1.42 0.26 N 1.0 10.7 Simbad 144.08915 -37.59883
92 5436010780788626048 143.92267 -37.49174 19.35 -0.15 -0.118 288.29 2.94 -2.51 0.26 -1.59 0.33 N 1.0 6.4 Simbad 143.92267 -37.49174
93 5436011704207751040 143.93782 -37.39053 19.69 0.199 0.434 280.17 3.33 -1.3 0.28 -1.76 0.71 N 1.0 4.4 Simbad 143.93782 -37.39053
94 5436012528838821888 144.18905 -37.45594 18.55 0.05 0.035 291.84 1.18 -1.93 0.1 -1.82 0.28 N 1.0 10.5 Simbad 144.18905 -37.45594
95 5436014830941425024 144.28592 -37.35622 19.26 -0.022 0.017 293.05 2.01 -1.88 0.3 -2.03 0.45 N 1.0 6.1 Simbad 144.28592 -37.35622
96 5436016450148806912 144.08982 -37.40123 18.04 -0.212 0.061 286.74 1.13 -1.0 0.08 -1.64 0.23 N 1.0 14.3 Simbad 144.08982 -37.40123
97 5436018747951651200 144.12019 -37.33025 19.63 -0.075 -0.25 289.93 3.26 -1.03 0.1 -1.76 0.68 Y 1.0 4.9 Simbad 144.12019 -37.33025
98 5436018889690183040 144.14185 -37.30149 18.05 -0.184 0.121 294.27 0.94 -0.02 0.01 -1.57 0.26 N 1.0 15.8 Simbad 144.14185 -37.30149
99 5436019881823146624 144.08531 -37.25896 19.37 0.176 -0.097 292.81 2.33 -3.07 0.18 -1.77 0.39 N 1.0 6.1 Simbad 144.08531 -37.25896
100 5436026277031131392 144.35615 -37.36212 20.23 -0.815 -2.005 83.61 4.63 -1.72 0.45 -1.57 0.29 N 0.0 4.4 Simbad 144.35615 -37.36211
101 5436027406605739776 144.51438 -37.31394 19.2 0.313 0.59 -104.78 5.75 -0.96 0.38 -2.01 1.35 N 0.0 4.5 Simbad 144.51438 -37.31394
102 5436033866236677760 144.57946 -37.25242 18.86 -0.147 -0.093 287.79 1.54 -1.48 0.21 -1.51 0.82 N 1.0 8.2 Simbad 144.57946 -37.25242
103 5436034072395192704 144.58177 -37.21619 19.38 -0.119 0.183 276.97 3.8 -1.7 0.32 -2.03 0.38 N 1.0 5.1 Simbad 144.58177 -37.21619
104 5436034385932428032 144.58056 -37.1892 19.22 0.03 0.17 287.45 2.05 -1.96 0.24 -1.74 0.42 N 1.0 6.7 Simbad 144.58056 -37.1892
105 5436036889894089216 144.68697 -37.07938 18.93 0.703 0.524 39.4 2.48 -1.44 0.09 -1.42 0.49 N 0.0 5.3 Simbad 144.68697 -37.07938
106 5436039535593475840 144.29949 -37.26681 19.44 0.097 0.014 280.49 2.49 -2.93 0.37 -2.34 0.3 N 1.0 5.1 Simbad 144.29949 -37.26681
107 5436040020929198464 144.31967 -37.22871 18.29 0.013 0.329 288.87 1.11 0.0 0.02 -1.37 0.25 N 1.0 13.6 Simbad 144.31967 -37.22871
108 5436040020929201920 144.31745 -37.23457 19.38 -0.111 0.022 288.23 2.94 -2.51 99.0 -2.24 0.33 N 1.0 5.7 Simbad 144.31745 -37.23457
109 5436040566385735168 144.40124 -37.2207 19.63 0.337 0.199 289.64 4.81 -2.23 0.34 -2.48 0.31 N 1.0 4.7 Simbad 144.40124 -37.2207
110 5436042116873182720 144.40749 -37.15734 18.22 -0.153 0.211 293.09 1.7 -1.83 99.0 -1.16 0.33 N 1.0 10.4 Simbad 144.40749 -37.15734
111 5436043590042867328 144.25491 -37.15594 19.71 -0.245 -0.292 279.61 4.0 -1.67 0.31 -2.17 0.54 N 1.0 4.9 Simbad 144.25491 -37.15594
112 5436044036719405440 144.15391 -37.18009 19.21 -0.102 0.367 311.44 1.0 -2.61 0.36 -2.03 0.71 N 0.99 7.9 Simbad 144.15391 -37.18009
113 5436044174158442368 144.18502 -37.14814 18.76 -0.267 0.018 289.01 1.21 -1.7 0.17 -1.8 0.23 N 1.0 11.4 Simbad 144.18502 -37.14814
114 5436044968731487104 144.32306 -37.13835 18.19 -0.254 -0.014 290.03 1.8 0.0 99.0 -1.69 0.23 N 1.0 10.8 Simbad 144.32306 -37.13835
115 5436045003091218944 144.33683 -37.12971 16.97 -0.148 0.014 290.41 0.75 -1.0 0.12 -1.73 0.14 N 1.0 31.1 Simbad 144.33683 -37.12971
116 5436046098303956608 144.30198 -37.08537 18.77 -0.117 0.205 293.06 1.65 -3.5 0.06 -2.17 0.15 N 1.0 10.0 Simbad 144.30198 -37.08537
117 5436046270102679552 144.25595 -37.07732 18.51 -0.019 0.378 288.62 1.13 -2.03 0.32 -1.72 0.26 N 1.0 12.7 Simbad 144.25595 -37.07732
118 5436046441901458048 144.26762 -37.04802 19.69 -0.336 -0.514 234.38 5.85 -1.67 0.3 -1.5 1.21 N 0.0 5.2 Simbad 144.26762 -37.04802
119 5436046510620864384 144.31431 -37.06885 18.04 -0.087 0.053 292.3 1.33 -1.8 99.0 -1.36 0.28 N 1.0 11.6 Simbad 144.31431 -37.06885
120 5436052729733721088 144.39317 -36.99016 18.3 -0.172 -0.016 289.13 1.49 -1.75 0.16 -2.14 0.27 N 1.0 9.0 Simbad 144.39317 -36.99016
121 5436053554367653120 144.41571 -36.90787 19.54 -0.284 -0.163 281.87 2.43 -2.41 0.33 -2.14 0.35 N 1.0 5.5 Simbad 144.41571 -36.90787
