data/ji2021/table4.csv
# %ECSV 1.0
# ---
# datatype:
# - name: recno
#   datatype: int32
#   description: Record number assigned by the VizieR team. Should Not be used for identification.
#   meta: !!omap
#   - {ucd: RECORD}
#   - {width: 8}
# - name: Gaia
#   datatype: int64
#   description: Gaia EDR3 Source ID
#   meta: !!omap
#   - {ucd: ID_MAIN}
#   - {width: 19}
# - name: RA_ICRS
#   unit: deg
#   datatype: float64
#   format: '{:9.5f}'
#   description: '[141.9/146] Right Ascension (ICRS) at Epoch=2015.5'
#   meta: !!omap
#   - {ucd: POS_EQ_RA_MAIN}
#   - {width: 9}
#   - {precision: '5'}
# - name: DE_ICRS
#   unit: deg
#   datatype: float64
#   format: '{:9.5f}'
#   description: '[-38.8/-34.5] Declination (ICRS) at Epoch=2015.5'
#   meta: !!omap
#   - {ucd: POS_EQ_DEC_MAIN}
#   - {width: 9}
#   - {precision: '5'}
# - name: Gmag
#   unit: mag
#   datatype: float32
#   format: '{:5.2f}'
#   description: '[16.97/20.34] Gaia EDR3 G-band magnitude'
#   meta: !!omap
#   - {ucd: PHOT_MAG_OPTICAL}
#   - {width: 5}
#   - {precision: '2'}
# - name: pmRA
#   unit: mas / yr
#   datatype: float32
#   format: '{:6.3f}'
#   description: '[-3.9/1.1] Gaia EDR3 Proper motion in Right Ascension'
#   meta: !!omap
#   - {ucd: POS_EQ_PMRA}
#   - {width: 6}
#   - {precision: '3'}
# - name: pmDE
#   unit: mas / yr
#   datatype: float32
#   format: '{:6.3f}'
#   description: '[-4.9/2.2] Gaia EDR3 Proper motion in Declination'
#   meta: !!omap
#   - {ucd: POS_EQ_PMDEC}
#   - {width: 6}
#   - {precision: '3'}
# - name: HRV
#   unit: km / s
#   datatype: float32
#   format: '{:7.2f}'
#   description: '[-105/420] Heliocentric Radial Velocity'
#   meta: !!omap
#   - {ucd: VELOC_HC}
#   - {width: 7}
#   - {precision: '2'}
# - name: e_HRV
#   unit: km / s
#   datatype: float32
#   format: '{:5.2f}'
#   description: '[0.7/10] Uncertainty in HRV'
#   meta: !!omap
#   - {ucd: ERROR}
#   - {width: 5}
#   - {precision: '2'}
# - name: '[Fe/H]1'
#   datatype: float32
#   format: '{:5.2f}'
#   description: '[-3.5/1] Metallicity, S5 data release (DR2.2)'
#   meta: !!omap
#   - {ucd: PHYS_ABUND_FE/H}
#   - {width: 5}
#   - {precision: '2'}
# - name: e_[Fe/H]1
#   datatype: float32
#   format: '{:5.2f}'
#   description: '[0.01/99] Uncertainty in [Fe/H]1'
#   meta: !!omap
#   - {ucd: ERROR}
#   - {width: 5}
#   - {precision: '2'}
# - name: '[Fe/H]2'
#   datatype: float32
#   format: '{:5.2f}'
#   description: '[-3.5/1.8] Metallicity, higher-resolution red calcium triplet (CaT)'
#   meta: !!omap
#   - {ucd: PHYS_ABUND_FE/H}
#   - {width: 5}
#   - {precision: '2'}
# - name: e_[Fe/H]2
#   datatype: float32
#   format: '{:5.2f}'
#   description: '[0.1/5] Uncertainty in [Fe/H]2'
#   meta: !!omap
#   - {ucd: ERROR}
#   - {width: 5}
#   - {precision: '2'}
# - name: Bin
#   datatype: string
#   description: '[YN] Binary Flag'
#   meta: !!omap
#   - {ucd: CODE_MISC}
#   - {_votable_string_dtype: char}
# - name: Mm
#   datatype: float32
#   format: '{:5.2f}'
#   description: '[0/1] Membership probability'
#   meta: !!omap
#   - {ucd: CODE_MEMB}
#   - {width: 5}
#   - {precision: '2'}
# - name: S/N
#   datatype: float32
#   format: '{:4.1f}'
#   description: '[4/32.2] Spectra Signal to Noise'
#   meta: !!omap
#   - {ucd: INST_S/N}
#   - {width: 4}
#   - {precision: '1'}
# - name: Simbad
#   datatype: string
#   description: Simbad column added by the CDS
#   meta: !!omap
#   - {ucd: DATA_LINK}
#   - {_votable_string_dtype: char}
#   - {_votable_arraysize: 6*}
# - name: _RA.icrs
#   unit: deg
#   datatype: float64
#   format: '{:9.5f}'
#   description: Right ascension (ICRS) at Epoch=J2000, proper motions taken into account
#   meta: !!omap
#   - {ucd: POS_EQ_RA_OTHER}
#   - {width: 9}
#   - {precision: '5'}
# - name: _DE.icrs
#   unit: deg
#   datatype: float64
#   format: '{:9.5f}'
#   description: Declination (ICRS) at Epoch=J2000, proper motions taken into account
#   meta: !!omap
#   - {ucd: POS_EQ_DEC_OTHER}
#   - {width: 9}
#   - {precision: '5'}
# meta: !!omap
# - {ID: J_ApJ_921_32_table4}
# - {name: J/ApJ/921/32/table4}
# - {description: Antlia 2 data}
# schema: astropy-2.0
recno Gaia RA_ICRS DE_ICRS Gmag pmRA pmDE HRV e_HRV [Fe/H]1 e_[Fe/H]1 [Fe/H]2 e_[Fe/H]2 Bin Mm S/N Simbad _RA.icrs _DE.icrs
[from data line 484]
485 5437438217462971904 142.48689 -35.05745 19.2 -0.203 -0.092 276.01 2.66 -1.91 0.37 -2.69 0.41 N 1.0 6.6 Simbad 142.48689 -35.05745
486 5437445673526131328 142.22069 -35.10927 18.02 -0.065 0.065 284.09 2.01 -0.97 0.12 -1.92 0.32 N 1.0 7.9 Simbad 142.22069 -35.10927
487 5437448456665134592 142.33671 -34.97435 18.85 0.109 0.342 277.96 5.65 -2.28 99.0 -2.27 0.32 N 0.99 5.3 Simbad 142.33671 -34.97435
488 5437449251239350400 142.24803 -34.95302 17.79 -0.176 0.026 278.91 1.44 -1.03 0.04 -2.45 0.18 N 1.0 15.2 Simbad 142.24803 -34.95302
489 5437455058031117824 142.4072 -34.88641 19.66 -0.304 1.07 43.94 3.7 -0.89 0.2 -1.13 0.37 N 0.0 4.1 Simbad 142.4072 -34.88641
490 5437539716130027264 143.33628 -35.48139 19.3 -0.503 2.144 218.16 3.75 -0.57 0.15 -1.09 0.61 N 0.0 4.7 Simbad 143.33628 -35.4814
491 5437541227958606208 143.4658 -35.39384 17.8 -0.135 0.143 299.08 1.16 -2.04 99.0 -2.05 0.37 N 1.0 16.4 Simbad 143.4658 -35.39384
492 5437544389054574464 143.57629 -35.35815 18.46 -0.174 -0.022 288.9 1.62 -1.18 0.22 -1.07 0.33 N 1.0 11.0 Simbad 143.57629 -35.35815
493 5437545797806181504 143.66188 -35.3283 18.67 -0.411 -0.329 125.67 1.33 0.58 0.09 0.09 0.32 N 0.0 7.7 Simbad 143.66188 -35.3283
494 5437556964718844416 143.1018 -35.33401 18.95 0.072 0.063 289.74 2.24 -1.4 0.22 -2.06 0.22 N 1.0 7.0 Simbad 143.1018 -35.33401
495 5437578031534789760 143.97385 -35.06555 18.41 -0.01 0.149 280.57 1.96 -1.26 0.17 -2.07 0.2 N 1.0 11.1 Simbad 143.97385 -35.06555
496 5437580333637136512 144.09334 -34.98481 19.06 -0.023 -0.284 3.31 2.52 -0.5 0.2 -0.27 0.58 N 0.0 4.9 Simbad 144.09334 -34.98481
497 5437593424700945536 143.61864 -34.8905 19.36 -0.048 -0.371 334.53 4.51 -1.29 0.27 -1.12 1.96 N 0.0 4.3 Simbad 143.61864 -34.8905
498 5437596517072985856 143.76821 -34.84761 19.69 -1.269 -1.124 52.17 3.38 -0.77 0.1 -1.66 0.31 N 0.0 7.0 Simbad 143.76822 -34.84761
499 5437596993815247616 143.82634 -34.82203 19.14 -0.595 -0.138 61.52 3.0 -1.13 0.32 -1.56 0.35 N 0.0 4.2 Simbad 143.82634 -34.82203
500 5437614006184356864 143.25029 -35.05622 18.2 0.002 0.257 280.14 2.08 -1.39 0.22 -1.88 0.27 N 1.0 9.4 Simbad 143.25029 -35.05622
501 5437618056334499072 143.18341 -34.95255 18.68 -0.011 0.042 285.27 3.16 -1.81 0.49 -2.31 0.42 N 1.0 6.5 Simbad 143.18341 -34.95255
502 5437620117919027072 143.3188 -34.87022 19.15 -0.159 2.087 59.28 2.48 -0.72 0.18 -2.39 1.1 N 0.0 5.7 Simbad 143.3188 -34.87023
503 5437623863130103168 142.99383 -35.01601 18.54 0.004 -0.508 31.0 2.48 -0.47 0.42 -0.95 0.38 N 0.0 7.0 Simbad 142.99383 -35.01601
504 5437635687180883840 143.02364 -34.76795 18.33 -0.138 -0.126 284.46 2.13 -3.3 0.28 -2.76 0.28 Y 1.0 10.7 Simbad 143.02364 -34.76795
505 5437660387535018752 143.273 -34.5849 18.99 0.117 -0.413 258.82 3.92 -1.12 0.24 -2.13 1.44 N 0.01 5.0 Simbad 143.273 -34.5849
506 5437817892571792000 142.85708 -34.80358 19.13 -0.087 -0.195 23.25 2.43 -0.64 0.13 -1.08 0.49 N 0.0 6.2 Simbad 142.85708 -34.80358
507 5437821809582030592 142.75718 -34.73461 18.99 -0.061 0.006 279.58 3.4 -1.74 0.3 -1.63 1.28 N 1.0 5.8 Simbad 142.75718 -34.73461
508 5437825864031297408 142.87275 -34.63213 18.89 -0.159 0.095 271.61 3.23 -2.32 0.31 -1.68 1.1 N 1.0 6.0 Simbad 142.87275 -34.63213
