data/koposov2018/table2.csv
# %ECSV 1.0
# ---
# datatype:
# - name: recno
#   datatype: int32
#   description: Record number assigned by the VizieR team. Should Not be used for identification.
#   meta: !!omap
#   - {ucd: RECORD}
#   - {width: 8}
# - name: ID
#   datatype: int16
#   description: Star identification number
#   meta: !!omap
#   - {ucd: ID_MAIN}
#   - {width: 3}
# - name: RAJ2000
#   unit: deg
#   datatype: float64
#   format: '{:9.5f}'
#   description: Right ascension (J2000)
#   meta: !!omap
#   - {ucd: POS_EQ_RA_MAIN}
#   - {width: 9}
#   - {precision: '5'}
# - name: DEJ2000
#   unit: deg
#   datatype: float64
#   format: '{:9.5f}'
#   description: Declination (J2000)
#   meta: !!omap
#   - {ucd: POS_EQ_DEC_MAIN}
#   - {width: 9}
#   - {precision: '5'}
# - name: S/N
#   datatype: float32
#   format: '{:4.1f}'
#   description: Median signal to noise ratio of the spectra
#   meta: !!omap
#   - {ucd: INST_S/N}
#   - {width: 4}
#   - {precision: '1'}
# - name: HRV
#   unit: km / s
#   datatype: float32
#   format: '{:6.1f}'
#   description: Heliocentric radial velocity
#   meta: !!omap
#   - {ucd: VELOC_HC}
#   - {width: 6}
#   - {precision: '1'}
# - name: e_HRV
#   unit: km / s
#   datatype: float32
#   format: '{:5.1f}'
#   description: Radial velocity error
#   meta: !!omap
#   - {ucd: ERROR}
#   - {width: 5}
#   - {precision: '1'}
# - name: Teff
#   unit: K
#   datatype: int16
#   description: Effective temperature
#   meta: !!omap
#   - {ucd: PHYS_TEMP_EFFEC}
#   - {width: 4}
# - name: e_Teff
#   unit: K
#   datatype: int16
#   description: Effective temperature error
#   meta: !!omap
#   - {ucd: ERROR}
#   - {width: 4}
# - name: loggmean
#   unit: log(cm.s**-2)
#   datatype: float32
#   format: '{:5.2f}'
#   description: Mean Surface gravity
#   meta: !!omap
#   - {ucd: PHYS_GRAVITY_SURFACE}
#   - {width: 5}
#   - {precision: '2'}
# - name: e_loggmean
#   unit: log(cm.s**-2)
#   datatype: float32
#   format: '{:5.2f}'
#   description: Mean Surface gravity error
#   meta: !!omap
#   - {ucd: ERROR}
#   - {width: 5}
#   - {precision: '2'}
# - name: '[Fe/H]'
#   datatype: float32
#   format: '{:5.2f}'
#   description: Metallicity
#   meta: !!omap
#   - {ucd: PHYS_ABUND_FE/H}
#   - {width: 5}
#   - {precision: '2'}
# - name: e_[Fe/H]
#   datatype: float32
#   format: '{:5.2f}'
#   description: Metallicity error
#   meta: !!omap
#   - {ucd: ERROR}
#   - {width: 5}
#   - {precision: '2'}
# - name: gmag
#   unit: mag
#   datatype: float32
#   format: '{:5.2f}'
#   description: '? Not corrected for extinction g-band photometry from DECam observations'
#   meta: !!omap
#   - {ucd: PHOT_SDSS_G}
#   - {width: 5}
#   - {precision: '2'}
#   - values: {'null': .nan}
# - name: rmag
#   unit: mag
#   datatype: float32
#   format: '{:5.2f}'
#   description: '? Not corrected for extinction r-band photometry from DECam observations'
#   meta: !!omap
#   - {ucd: PHOT_SDSS_R}
#   - {width: 5}
#   - {precision: '2'}
#   - values: {'null': .nan}
# - name: logodds
#   datatype: float64
#   format: '{:22.16f}'
#   description: '? Log-odds ratios of being a Hydrus 1 member star versus being a foreground contaminant from the chemodynamical model
#     fit (1)'
#   meta: !!omap
#   - {ucd: CODE_MEMB}
#   - {width: 22}
#   - {precision: '16'}
#   - values: {'null': .nan}
# - name: e_logodds
#   datatype: float64
#   format: '{:22.18f}'
#   description: '? Log-odds error (2)'
#   meta: !!omap
#   - {ucd: ERROR}
#   - {width: 22}
#   - {precision: '18'}
#   - values: {'null': .nan}
# - name: Simbad
#   datatype: string
#   description: Simbad column added by the CDS
#   meta: !!omap
#   - {ucd: DATA_LINK}
#   - {_votable_string_dtype: char}
#   - {_votable_arraysize: 6*}
# meta: !!omap
# - {ID: J_MNRAS_479_5343_table2}
# - {name: J/MNRAS/479/5343/table2}
# - {description: Spectroscopic measurements for individual stars with either S/N>3 or RV error less than 10km/s in the Hydrus 1 field}
# schema: astropy-2.0
recno ID RAJ2000 DEJ2000 S/N HRV e_HRV Teff e_Teff loggmean e_loggmean [Fe/H] e_[Fe/H] gmag rmag logodds e_logodds Simbad
1 2 37.69 -79.36 15.4 53.5 0.5 5723 64 4.53 0.12 -0.74 0.06 18.45 17.92 -64.12739608614211 3.6803663287974935 Simbad
2 3 37.70658 -79.35572 21.7 5.0 0.5 5353 35 4.49 0.08 -0.7 0.04 17.86 17.25 -415.7897403112825 24.81638446966383 Simbad
3 4 37.74029 -79.35434 9.7 83.1 1.7 5521 82 1.4 0.46 -2.34 0.15 19.03 18.44 6.997265960034904 0.033518341540175633 Simbad
4 5 37.694 -79.34884 6.0 211.9 1.1 5904 114 1.16 0.84 -1.75 0.2 19.74 19.24 -1168.3984671124447 72.14898095415691 Simbad
5 6 37.72267 -79.33451 18.1 -6.1 0.5 5437 33 4.81 0.1 -0.54 0.04 18.21 17.63 -545.6091485313739 33.47331879303587 Simbad
6 7 37.69496 -79.32996 2.1 243.7 2.9 6269 240 3.35 0.86 -0.9 0.45 20.89 20.45 -1812.6144278361044 111.3138777867905 Simbad
7 10 37.79812 -79.40667 4.7 83.9 1.5 5876 111 4.52 0.29 -1.58 0.19 19.81 19.29 1.32577497122813 0.6830418519003623 Simbad
8 11 37.83383 -79.38515 10.0 6.3 0.6 5792 91 3.18 0.19 -1.27 0.11 18.84 18.33 -396.60648535184043 23.923540131041477 Simbad
9 12 37.75471 -79.349 3.7 187.4 1.5 5502 111 2.84 0.97 -1.88 0.27 20.27 19.66 -765.1617481928859 47.08061363921547 Simbad
10 14 37.81337 -79.32914 2.2 85.7 6.5 6387 230 2.86 1.1 -1.0 0.47 20.81 20.4 -11.109784372440897 0.5560042129794143 Simbad
11 15 37.77146 -79.32256 2.6 51.2 3.1 6411 203 4.31 0.5 -0.63 0.36 20.57 20.16 -77.36761805729526 5.5758654683604405 Simbad
12 16 38.02137 -79.19561 14.9 -10.0 0.5 5633 54 4.7 0.13 -0.46 0.05 17.89 17.32 -621.6899936576056 38.840532727143255 Simbad
13 17 38.08504 -79.22188 2.1 73.9 1.9 5487 103 4.76 0.19 -0.5 0.26 19.57 18.93 -20.8239286331263 1.764387997757514 Simbad
14 20 38.16325 -79.27773 20.6 -63.6 0.5 5157 32 4.51 0.09 -0.37 0.04 17.77 17.08 -1519.7223325691534 93.69059461443851 Simbad
15 22 38.08842 -79.30961 7.6 5.9 0.6 5304 41 4.86 0.1 -0.6 0.09 19.1 18.46 -428.6343381956421 25.927750908092463 Simbad
16 23 37.93458 -79.18192 4.5 352.5 2.2 6199 146 4.1 0.45 -0.97 0.24 20.15 19.7 -5006.217038961948 302.0179542288545 Simbad
17 24 37.97058 -79.19337 3.2 226.1 1.4 5828 160 3.57 0.52 -0.9 0.3 20.5 19.95 -1412.0596917863913 83.01794902177181 Simbad
18 25 37.94012 -79.1971 3.4 120.2 1.3 5445 102 4.58 0.26 -0.71 0.2 20.45 19.8 -106.12446402125084 5.665957645485811 Simbad
19 26 37.98175 -79.23847 5.5 76.0 1.4 5663 130 1.65 0.71 -2.52 0.26 19.72 19.16 4.541146278800115 0.24224482107263223 Simbad
20 27 37.93025 -79.25495 4.5 62.5 1.5 5909 108 4.75 0.18 -0.59 0.19 19.83 19.31 -41.158121636257505 2.9157568248713304 Simbad
21 28 37.96 -79.27302 15.3 19.5 0.5 5538 38 4.85 0.1 -0.39 0.05 18.08 17.49 -293.57429747992694 17.82445828183711 Simbad
22 29 37.94437 -79.30491 12.6 112.4 0.5 5624 53 4.77 0.13 -0.52 0.06 18.63 18.09 -72.07468267884352 4.1560552284373316 Simbad
23 30 37.9515 -79.31422 14.5 81.0 0.6 5252 64 1.26 0.2 -1.87 0.08 18.49 17.83 4.430490634776881 0.1023231111302847 Simbad
24 31 37.28104 -79.42907 4.1 187.1 1.6 6130 145 4.71 0.19 -0.01 0.23 19.81 19.32 -816.7241652026903 50.39004672691465 Simbad
25 32 37.37033 -79.39997 3.9 77.7 2.2 5519 101 1.59 0.94 -2.81 0.33 20.03 19.43 7.808721994223626 0.06298966383544258 Simbad
26 33 37.34988 -79.35141 5.9 106.3 0.7 5721 80 4.78 0.15 -0.36 0.12 19.54 18.98 -59.6975574030629 3.516057064070356 Simbad
27 34 37.30429 -79.33909 9.5 77.8 1.5 5524 82 2.3 0.62 -2.92 0.17 19.01 18.41 9.244452831823283 0.08895975609923124 Simbad
28 37 37.44321 -79.41592 1.4 120.2 7.3 5881 277 4.11 0.62 -0.51 0.57 21.16 20.62 -113.95579485731551 12.467442585052126 Simbad
29 38 37.46963 -79.38164 2.6 -5.9 4.3 5973 120 0.96 0.41 0.87 0.11 20.59 19.93 -541.2617285555991 34.20992521028336 Simbad
30 39 37.38133 -79.33294 2.0 348.8 9.1 6758 392 4.35 0.66 0.02 0.55 20.47 20.0 -4953.1825318622505 316.3557289631733 Simbad
31 40 37.45638 -79.33058 26.6 -5.0 0.5 5093 27 4.48 0.08 -0.42 0.04 17.48 16.75 -518.9698610935524 31.49606383075664 Simbad
32 46 37.65388 -79.19794 5.3 103.4 0.9 5592 64 4.87 0.1 -0.5 0.13 19.64 19.07 -44.093085404168676 2.3282404002811603 Simbad
33 49 37.65667 -79.24772 11.0 78.8 1.0 5357 76 2.31 0.49 -2.89 0.13 18.68 18.04 7.9208012966660055 0.06435120445347842 Simbad
34 51 37.66179 -79.29931 1.6 62.0 3.5 5854 261 4.26 0.6 -0.46 0.53 21.17 20.61 -38.354569650625834 3.374027190898641 Simbad
35 52 37.63946 -79.30115 18.3 84.2 0.5 4987 55 1.2 0.21 -2.57 0.08 17.62 16.88 8.420353891472548 0.06733654102613373 Simbad
36 54 37.52213 -79.16908 9.0 92.1 0.7 5280 38 4.89 0.09 -0.87 0.08 18.97 18.33 -15.077128717289089 0.9878073976934125 Simbad
37 55 37.59654 -79.17019 5.6 41.3 0.9 5249 48 4.84 0.12 -0.62 0.11 19.15 18.48 -125.79229414338865 8.325385658275835 Simbad
38 59 37.57425 -79.29161 5.1 80.2 1.6 5672 96 2.91 0.91 -2.96 0.27 19.66 19.1 9.215826293697319 0.10587222999637902 Simbad
39 60 37.09346 -79.42741 1.7 99.6 3.9 5762 178 3.92 0.56 -0.81 0.48 20.63 20.07 -35.94737131012074 3.7309307065001995 Simbad
40 61 37.13654 -79.42512 6.8 78.0 2.2 5586 81 3.09 1.23 -3.08 0.21 19.18 18.6 6.27493827282091 0.07450849759975631 Simbad
41 63 37.12529 -79.416 14.5 56.3 0.5 5583 74 4.53 0.15 -0.66 0.06 18.24 17.71 -45.93961430219208 2.606815082092613 Simbad
42 64 37.14996 -79.39934 13.5 -16.3 0.5 5051 26 4.85 0.1 -0.7 0.05 18.23 17.51 -637.416292719751 38.146794832555 Simbad
43 66 37.10583 -79.38487 6.0 111.6 0.8 5898 103 3.45 0.22 -0.55 0.15 18.98 18.48 -81.5928692664018 5.1065270999735795 Simbad
44 67 37.14054 -79.33606 1.7 -6.3 3.6 6657 255 2.54 1.08 -0.36 0.48 20.62 20.25 -512.1179308049313 32.59017216788513 Simbad
45 68 37.19988 -79.44342 24.0 74.2 0.5 5092 56 1.17 0.23 -2.73 0.07 17.49 16.79 5.919997963324856 0.0329849064352814 Simbad
46 69 37.2485 -79.4237 12.9 79.6 0.9 5354 71 1.61 0.37 -2.52 0.11 18.41 17.77 7.368372045095416 0.0569273694965462 Simbad
47 70 37.23613 -79.38384 10.8 27.6 0.6 5577 69 4.56 0.14 -0.32 0.07 18.45 17.86 -200.23962021153375 11.543595989545764 Simbad
48 71 37.26571 -79.36249 4.1 76.8 3.1 5786 112 3.24 0.97 -2.26 0.33 19.97 19.45 7.8419937123287795 0.010429388086887315 Simbad
49 72 37.25508 -79.35595 12.7 82.3 1.2 5373 73 1.44 0.6 -2.8 0.13 18.43 17.79 8.971452866434458 0.08847668159397726 Simbad
50 74 37.17163 -79.33963 13.1 -20.2 0.6 5780 80 4.78 0.15 -0.47 0.08 18.15 17.61 -695.7234505227455 42.218036860875856 Simbad
51 75 37.24817 -79.33209 6.3 81.3 1.9 5266 72 1.96 1.16 -3.18 0.27 19.31 18.63 7.627500113223613 0.10862679120833896 Simbad
52 77 37.08946 -79.20699 14.3 73.8 0.6 5141 55 1.63 0.15 -1.52 0.07 17.77 17.07 0.2511785920093752 0.7870805188771111 Simbad
53 86 37.07133 -79.23056 7.6 337.8 2.9 6692 260 4.26 0.6 -1.82 0.26 18.61 18.27 -4613.7085441096515 278.2266839108988 Simbad
54 88 37.0495 -79.25333 12.0 409.7 2.2 8723 142 1.7 0.56 -1.72 0.16 18.07 18.17 -7542.553472482683 450.13013838897405 Simbad
55 89 37.03075 -79.25442 1.5 63.2 1.5 5498 125 4.82 0.15 0.1 0.31 20.02 19.35 -30.953485109186303 2.7497452076750033 Simbad
56 90 37.03983 -79.30193 2.6 34.2 1.6 5787 139 4.83 0.14 -0.16 0.28 20.02 19.47 -150.8824935111353 9.571450022202505 Simbad
57 91 37.00246 -79.30991 4.0 57.2 1.0 5480 74 4.85 0.12 -0.02 0.15 19.52 18.86 -46.65740429084477 3.3505192497228684 Simbad
58 92 36.72571 -79.45695 9.1 33.0 0.7 7510 50 4.98 0.03 0.64 0.07 "" "" -161.5088068542962 9.14640169062713 Simbad
59 93 36.78258 -79.43124 3.7 211.7 2.5 5791 98 1.44 1.2 -2.2 0.32 19.66 19.13 -1246.1842445654875 78.56063691052208 Simbad
60 94 36.77938 -79.42463 2.4 58.0 2.1 5505 130 4.92 0.07 -0.61 0.2 18.41 17.43 -39.42478508210313 2.5126331724708884 Simbad
61 98 36.82925 -79.39648 8.3 192.2 0.8 5913 97 4.48 0.19 -0.66 0.12 18.33 17.82 -917.3691965696391 55.528492345347786 Simbad
62 102 36.86313 -79.34045 11.2 74.4 3.2 6715 117 2.3 1.0 -3.18 0.22 18.34 18.04 6.703593208778571 0.06892084891592765 Simbad
63 103 36.86883 -79.33344 6.9 -25.9 0.8 6589 115 4.96 0.05 0.48 0.12 18.33 17.79 -768.5630687972666 46.8744520685151 Simbad
64 105 36.42313 -79.26277 3.0 214.8 306.2 5793 1117 2.47 1.38 -3.44 0.99 18.88 17.46 "" "" Simbad
65 107 36.43633 -79.28632 4.1 237.5 1.3 5706 90 2.86 0.46 -1.01 0.19 18.72 18.16 -1804.4831563768698 106.64767633164467 Simbad
66 108 36.38317 -79.29454 4.5 22.8 1.2 6111 112 4.79 0.16 -0.34 0.21 18.29 17.82 -210.59329044253724 13.526562165461087 Simbad
67 110 36.26975 -79.23807 3.4 115.9 1.2 5838 115 4.07 0.36 -0.88 0.29 18.81 18.39 -123.5021109440261 6.673995123147158 Simbad
68 111 36.35796 -79.23991 0.9 55.1 4.6 5542 188 4.47 0.62 -0.07 0.49 20.21 19.55 -45.564162911753975 5.000787471652112 Simbad
69 112 36.321 -79.24618 3.6 3.4 1.6 5905 101 4.75 0.18 -0.55 0.23 18.41 17.9 -375.7886625774654 24.53144542266142 Simbad
70 113 36.33663 -79.25218 2.5 41.2 1.5 5749 86 4.81 0.14 -1.08 0.18 18.45 17.92 -91.72005626308047 6.56950392516983 Simbad
71 114 36.31317 -79.26376 3.9 41.1 0.8 5079 48 4.84 0.13 -0.56 0.14 18.27 17.52 -97.1213982803203 6.595886647426369 Simbad
72 117 36.94663 -79.12717 14.7 91.0 0.5 5214 23 4.89 0.08 -0.73 0.05 17.57 16.94 -20.742128604179715 1.1111978324752165 Simbad
73 119 36.92904 -79.26803 10.1 79.2 0.8 5469 75 1.43 0.56 -2.67 0.14 18.34 17.73 7.946383978706755 0.07008209744549942 Simbad
74 120 36.95413 -79.29167 5.4 219.5 1.6 7894 90 4.89 0.1 0.07 0.19 "" "" -1391.3403163066123 81.85008059158685 Simbad
75 124 36.79975 -79.2138 4.2 35.3 0.7 5221 47 4.88 0.1 -0.53 0.12 19.44 18.75 -139.7358463392 9.249851274469464 Simbad
76 125 36.75013 -79.24127 4.1 15.3 1.2 5553 81 4.89 0.09 -0.21 0.18 19.49 18.89 -284.0190024327617 18.399717557110364 Simbad
77 126 36.66579 -79.25775 5.0 142.0 0.9 6136 109 4.84 0.12 -0.26 0.19 18.85 18.39 -302.4034459770687 16.746266298192864 Simbad
78 128 36.79404 -79.26515 5.3 29.0 0.9 5671 79 4.74 0.17 -0.32 0.14 18.9 18.3 -178.83631756264617 11.417897229773658 Simbad
79 130 36.83058 -79.27185 2.9 -34.9 1.2 5414 82 4.72 0.2 -0.69 0.22 19.29 18.65 -890.1424692524173 55.60336097124565 Simbad
80 131 36.31825 -79.43985 4.5 13.1 1.3 5386 71 4.16 0.29 -0.97 0.18 18.72 18.04 -275.86662299620184 16.24905303625755 Simbad
81 137 36.41138 -79.38318 3.9 -53.0 1.3 5567 72 4.88 0.1 -0.52 0.16 18.95 18.35 -1155.978706980311 71.14979048596922 Simbad
82 139 36.60308 -79.43449 9.7 75.7 1.9 7468 176 1.36 0.57 -2.26 0.24 18.21 18.06 4.939274346235084 0.05103658896768315 Simbad
83 142 36.59883 -79.38569 3.8 29.5 0.8 5274 60 4.88 0.1 -0.34 0.15 19.67 19.0 -169.03153823276392 9.904720968991462 Simbad
84 144 36.70925 -79.32305 9.8 11.1 0.6 5553 55 4.81 0.13 -0.47 0.08 18.2 17.6 -315.9515899504481 19.667542562351997 Simbad
85 145 37.31379 -79.12287 16.1 205.3 0.5 7304 101 4.9 0.08 -0.13 0.09 "" "" -1089.191631670083 61.706283779026194 Simbad
86 146 37.30117 -79.18931 10.5 -29.3 0.6 5287 46 4.79 0.13 -1.32 0.08 18.36 17.72 -831.6912336514824 53.84961285484724 Simbad
87 147 37.29038 -79.21035 3.9 81.6 2.3 5737 105 2.88 0.88 -2.08 0.24 19.77 19.23 5.9946624919396445 0.021406814105055627 Simbad
88 149 37.31838 -79.26768 13.4 82.8 1.6 7919 66 3.27 0.69 -1.4 0.12 "" "" 3.039665904651439 0.5020139161491859 Simbad
89 150 37.36113 -79.28663 21.2 81.4 0.5 4923 76 0.83 0.22 -2.65 0.09 17.74 17.08 9.01458196313429 0.08255240756958049 Simbad
90 151 37.29604 -79.29936 5.4 80.7 1.7 5763 106 1.21 0.75 -2.31 0.24 19.7 19.17 8.030344805215737 0.03368471402520434 Simbad
91 152 37.36929 -79.30556 3.6 79.5 43.7 5736 130 3.26 1.17 -2.88 0.45 20.31 19.77 "" "" Simbad
92 153 37.21908 -79.17821 6.5 197.5 1.0 5295 75 0.76 0.45 -1.9 0.15 19.38 18.71 -948.799361024858 54.75488396383537 Simbad
93 154 37.19208 -79.21133 30.3 82.4 0.5 4849 49 0.8 0.16 -2.61 0.06 16.96 16.21 7.262480189434685 0.027387975810489795 Simbad
94 155 37.26029 -79.21598 14.1 49.5 0.5 5864 77 4.36 0.13 -0.6 0.08 18.1 17.6 -76.50998234925835 5.1207037373992 Simbad
95 156 37.24963 -79.23798 11.7 58.4 0.6 5826 59 4.84 0.11 -0.48 0.08 18.05 17.53 -44.99688801733292 3.196561665845927 Simbad
96 159 37.24408 -79.27544 13.8 149.3 0.8 6818 130 4.13 0.23 -0.58 0.12 18.18 17.87 -342.71789115285753 19.559393523889653 Simbad
97 160 37.22096 -79.27983 0.7 19.5 3.0 5809 108 4.79 0.17 -0.64 0.33 19.09 18.55 -260.60116532995846 17.426179076986003 Simbad
98 162 36.93313 -79.39467 8.5 16.0 0.6 5394 47 4.79 0.13 -0.48 0.08 18.88 18.25 -279.935078989751 16.480838083751507 Simbad
99 163 36.95175 -79.38889 4.2 240.5 1.1 5716 93 4.55 0.24 -0.55 0.18 19.3 18.73 -1829.3348784526513 110.96394790811303 Simbad
100 165 36.90571 -79.37047 27.4 80.8 0.6 4834 52 0.96 0.19 -2.92 0.07 16.84 16.05 7.747210974279364 0.06795302178589546 Simbad
101 167 36.9145 -79.32773 1.7 -266.5 3.2 5447 89 4.93 0.06 -0.77 0.13 21.19 20.88 -8196.470447837 499.4915213321642 Simbad
102 168 37.03696 -79.45065 16.9 24.2 0.5 5581 56 4.57 0.11 -0.29 0.05 17.8 17.23 -219.4956262003914 12.142178040079571 Simbad
103 170 37.022 -79.42932 11.8 106.2 0.7 5891 83 4.73 0.17 -1.52 0.11 18.74 18.27 -53.8182053542147 3.615980610402211 Simbad
104 171 37.08558 -79.40947 16.0 54.3 249.5 9095 192 2.96 1.11 -4.13 0.51 18.08 18.21 "" "" Simbad
105 172 37.02146 -79.40781 1.5 -85.2 2.7 5655 101 4.51 0.3 -1.01 0.31 19.39 18.82 -1848.4129484634284 111.68529428417025 Simbad
106 175 37.00542 -79.32752 7.2 40.5 0.7 5680 62 4.88 0.09 -0.18 0.1 18.94 18.39 -115.16001919557579 6.916200727172935 Simbad
107 176 37.51362 -79.16443 8.5 -42.8 0.7 5426 68 4.46 0.17 -0.85 0.1 19.27 18.69 -1074.7284355868564 69.25428879814035 Simbad
108 177 37.46442 -79.19374 5.3 276.8 1.9 6720 148 4.52 0.35 -0.65 0.23 19.61 19.28 -2650.7371831266564 157.22761431427136 Simbad
109 180 37.42942 -79.27903 6.3 5.9 1.2 7918 81 4.92 0.07 0.64 0.1 "" "" -411.63179664079365 25.075162572505263 Simbad
110 182 37.48233 -79.30506 15.6 83.6 0.8 5238 61 1.96 0.38 -2.85 0.1 18.13 17.45 9.014094884872303 0.08298040596480272 Simbad
111 185 37.41938 -79.21381 3.6 80.7 2.1 5751 119 3.38 0.87 -2.15 0.31 20.11 19.56 6.695903060855202 0.029448675073774577 Simbad
112 188 37.39608 -79.29065 5.2 76.8 1.4 5634 91 1.63 0.6 -2.12 0.2 19.42 18.85 6.861839062632001 0.005765785927690725 Simbad
113 192 37.5405 -79.43159 5.4 45.1 1.3 5774 86 4.85 0.12 -0.29 0.16 19.58 19.03 -101.97629361339372 5.648556101642285 Simbad
114 195 37.51888 -79.34794 3.1 56.0 1.9 5851 127 4.86 0.12 -0.58 0.23 20.26 19.79 -54.09371668392831 3.5430337367833467 Simbad
115 199 37.60204 -79.42463 14.2 183.6 0.7 5993 80 4.8 0.13 -1.76 0.09 18.65 18.2 -727.0799621487645 45.81729340492359 Simbad
116 200 37.68854 -79.4159 1.9 34.9 1.2 4262 73 4.44 0.4 -0.7 0.36 20.82 19.54 -161.91275658444397 9.012333288606854 Simbad
117 201 37.59708 -79.41335 24.4 8.5 0.5 5246 31 4.65 0.09 -0.25 0.04 17.25 16.55 -378.65112343485157 21.87403999159656 Simbad
118 202 37.63312 -79.39842 3.5 82.0 4.8 5825 142 3.19 1.23 -2.58 0.32 20.36 19.84 5.826147090498003 0.008161153833119439 Simbad
119 203 37.62371 -79.37763 1.8 74.5 5.3 5778 209 4.47 0.49 -1.36 0.41 21.02 20.5 -6.238008169149104 1.389587994995674 Simbad
120 205 37.68742 -79.35605 13.4 82.6 0.5 5270 26 4.93 0.06 -0.72 0.05 18.36 17.72 -8.180484905534744 1.235156443366046 Simbad
121 206 37.66996 -79.32495 7.4 54.9 0.7 5395 47 4.89 0.09 -0.59 0.09 19.46 18.84 -60.31385091469143 3.610019783860789 Simbad
122 207 37.87412 -79.22525 4.5 317.5 1.3 5957 140 3.92 0.49 -1.04 0.21 20.26 19.75 -3805.273921647896 228.32938689535467 Simbad
123 209 37.87621 -79.23686 8.2 84.0 1.5 5685 90 1.4 0.86 -2.63 0.2 19.35 18.79 7.465185405873201 0.0677610256304213 Simbad
124 210 37.81887 -79.26162 13.0 178.9 0.7 5357 68 2.7 0.16 -1.57 0.09 18.66 18.02 -639.3441922478544 38.087212060936594 Simbad
125 212 37.877 -79.27226 11.2 134.3 0.5 5269 28 4.92 0.07 -0.54 0.06 18.9 18.25 -195.18947205601472 10.976748685222432 Simbad
126 215 37.73454 -79.16629 4.9 -33.4 1.1 5574 78 4.83 0.13 -0.7 0.15 19.82 19.24 -938.3333049829698 60.21213748220572 Simbad
127 216 37.71704 -79.17373 4.7 52.5 0.9 5351 118 4.66 0.23 -1.04 0.17 19.96 19.36 -71.00795845310992 4.870755733210213 Simbad
128 217 37.80621 -79.20218 2.0 128.7 2.6 5856 129 4.18 0.52 -1.32 0.35 20.09 19.56 -150.813173206704 9.14307159422657 Simbad
129 219 37.81967 -79.2897 12.4 36.2 0.7 6439 97 3.97 0.21 -1.02 0.1 18.57 18.19 -149.47349927375242 9.623938532478256 Simbad
