data/li2018/table4.csv
# %ECSV 1.0
# ---
# datatype:
# - name: recno
#   datatype: int32
#   description: Record number assigned by the VizieR team. Should Not be used for identification.
#   meta: !!omap
#   - {ucd: RECORD}
#   - {width: 8}
# - name: MagLiteS
#   datatype: string
#   description: Original MAGLITES identifier (JHHMMSS.ss+DDMMSS.s)
#   meta: !!omap
#   - {ucd: ID_MAIN}
#   - {_votable_string_dtype: char}
# - name: RAJ2000
#   unit: deg
#   datatype: float64
#   format: '{:9.5f}'
#   description: '[113.2/115] Right Ascension (J2000)'
#   meta: !!omap
#   - {ucd: POS_EQ_RA_MAIN}
#   - {width: 9}
#   - {precision: '5'}
# - name: DEJ2000
#   unit: deg
#   datatype: float64
#   format: '{:9.5f}'
#   description: '[-58.4/-57.3] Declination (J2000)'
#   meta: !!omap
#   - {ucd: POS_EQ_DEC_MAIN}
#   - {width: 9}
#   - {precision: '5'}
# - name: g0mag
#   unit: mag
#   datatype: float32
#   format: '{:5.2f}'
#   description: '[14.6/20.3] Dereddened DECam g band magnitude (1)'
#   meta: !!omap
#   - {ucd: PHOT_SDSS_G}
#   - {width: 5}
#   - {precision: '2'}
# - name: r0mag
#   unit: mag
#   datatype: float32
#   format: '{:5.2f}'
#   description: '[13.9/20] Dereddened DECam r band magnitude (1)'
#   meta: !!omap
#   - {ucd: PHOT_SDSS_R}
#   - {width: 5}
#   - {precision: '2'}
# - name: Inst
#   datatype: string
#   description: Instrument/Masks used
#   meta: !!omap
#   - {ucd: INST_ID}
#   - {_votable_string_dtype: char}
#   - {_votable_arraysize: 18*}
# - name: MJD
#   unit: d
#   datatype: float32
#   format: '{:7.1f}'
#   description: '[57777.7/57902.4] Modified Julian Date; JD-2400000.5'
#   meta: !!omap
#   - {ucd: TIME_DATE}
#   - {width: 7}
#   - {precision: '1'}
# - name: S/N
#   datatype: float32
#   format: '{:5.1f}'
#   description: '[3.2/110.8] Spectra signal-to-noise'
#   meta: !!omap
#   - {ucd: INST_S/N}
#   - {width: 5}
#   - {precision: '1'}
# - name: HRV
#   unit: km / s
#   datatype: float32
#   format: '{:6.2f}'
#   description: '[-21.5/499] Heliocentric radial velocity'
#   meta: !!omap
#   - {ucd: VELOC_HC}
#   - {width: 6}
#   - {precision: '2'}
# - name: e_HRV
#   unit: km / s
#   datatype: float32
#   format: '{:5.2f}'
#   description: '[0.5/15] Uncertainty in HRV'
#   meta: !!omap
#   - {ucd: ERROR}
#   - {width: 5}
#   - {precision: '2'}
# - name: EW
#   unit: 0.1 nm
#   datatype: float32
#   format: '{:7.2f}'
#   description: '[1.7/5.2]? Equivalent width, calcium triplet, in Angstrom units'
#   meta: !!omap
#   - {ucd: SPECT_EQ-WIDTH}
#   - {width: 7}
#   - {precision: '2'}
#   - values: {'null': .nan}
# - name: e_EW
#   unit: 0.1 nm
#   datatype: float32
#   format: '{:7.2f}'
#   description: '[0.2/0.9]? Uncertainty in EW'
#   meta: !!omap
#   - {ucd: ERROR}
#   - {width: 7}
#   - {precision: '2'}
#   - values: {'null': .nan}
# - name: '[Fe/H]'
#   unit: log(Sun)
#   datatype: float32
#   format: '{:8.2f}'
#   description: '[-2.8/-1.9]? Metallicity'
#   meta: !!omap
#   - {ucd: PHYS_ABUND_FE/H}
#   - {width: 8}
#   - {precision: '2'}
#   - values: {'null': .nan}
# - name: e_[Fe/H]
#   unit: log(Sun)
#   datatype: float32
#   format: '{:7.2f}'
#   description: '[0.1/0.5]? Uncertainty in [Fe/H]'
#   meta: !!omap
#   - {ucd: ERROR}
#   - {width: 7}
#   - {precision: '2'}
#   - values: {'null': .nan}
# - name: Mm
#   datatype: uint8
#   description: '[0/3]? Membership (2)'
#   meta: !!omap
#   - {ucd: CODE_MEMB}
#   - {width: 1}
#   - values: {'null': 255}
# - name: Simbad
#   datatype: string
#   description: Simbad column added by the CDS
#   meta: !!omap
#   - {ucd: DATA_LINK}
#   - {_votable_string_dtype: char}
#   - {_votable_arraysize: 6*}
# meta: !!omap
# - {ID: J_ApJ_857_145_table4}
# - {name: J/ApJ/857/145/table4}
# - {description: Velocity and metallicity measurements}
# schema: astropy-2.0
recno MagLiteS RAJ2000 DEJ2000 g0mag r0mag Inst MJD S/N HRV e_HRV EW e_EW [Fe/H] e_[Fe/H] Mm Simbad
1 J073504.92-575646.9 113.77049 -57.94636 18.18 18.35 AAT-Jan 57777.7 7.9 482.8 3.38 "" "" "" "" 2 Simbad
2 J073504.92-575646.9 113.77049 -57.94636 18.18 18.35 AAT-May 57902.4 3.3 487.2 12.63 "" "" "" "" 2 Simbad
3 J073546.15-574911.6 113.94231 -57.81988 18.68 19.02 AAT-Jan 57777.7 4.4 484.66 6.53 "" "" "" "" 2 Simbad
4 J073558.28-580328.2 113.99285 -58.05784 19.25 18.81 IMACS-Car2Mask2 57778.3 4.8 475.96 2.47 1.78 0.28 -2.74 0.18 2 Simbad
5 J073558.39-581227.7 113.99329 -58.20769 18.36 18.61 AAT-Jan 57777.7 4.1 485.43 13.64 "" "" "" "" 2 Simbad
6 J073559.15-575918.2 113.99644 -57.98838 18.93 18.45 IMACS-Car2Mask2 57778.3 7.3 470.93 1.62 2.45 0.24 -2.43 0.13 2 Simbad
7 J073601.33-575843.8 114.00552 -57.97885 18.26 17.76 VLT-Feb 57811.1 32.9 472.34 1.03 2.99 0.28 -2.32 0.14 2 Simbad
8 J073611.87-581228.6 114.04945 -58.20796 18.23 18.46 AAT-Jan 57777.7 6.0 478.94 8.75 "" "" "" "" 2 Simbad
9 J073621.25-575800.3 114.08852 -57.96675 16.98 16.3 AAT-Jan 57777.7 40.7 492.7 0.61 4.3 0.26 -2.07 0.12 2 Simbad
10 J073621.25-575800.3 114.08852 -57.96675 16.98 16.3 IMACS-Car2Mask2 57778.3 42.4 494.3 1.03 4.66 0.22 -1.92 0.1 2 Simbad
11 J073621.25-575800.3 114.08852 -57.96675 16.98 16.3 AAT-May 57902.4 20.1 464.92 0.83 4.44 0.32 -2.01 0.14 2 Simbad
12 J073624.62-575922.1 114.10256 -57.98948 18.89 18.36 IMACS-Car2Mask2 57778.3 7.3 479.46 2.1 "" "" "" "" 2 Simbad
13 J073624.62-575922.1 114.10256 -57.98948 18.89 18.36 IMACS-Car2Mask1 57779.3 8.3 481.56 1.9 2.24 0.9 -2.56 0.48 2 Simbad
14 J073624.98-575714.3 114.10408 -57.95397 18.43 17.97 VLT-Feb 57811.1 31.5 477.75 1.11 2.01 0.2 -2.77 0.12 2 Simbad
15 J073637.00-580114.5 114.15416 -58.02069 18.56 18.36 AAT-Jan 57777.7 9.0 489.3 1.84 "" "" "" "" 2 Simbad
16 J073637.00-580114.5 114.15416 -58.02069 18.56 18.36 IMACS-Car2Mask2 57778.3 9.3 457.03 2.25 "" "" "" "" 2 Simbad
17 J073637.00-580114.5 114.15416 -58.02069 18.56 18.36 IMACS-Car2Mask1 57779.3 8.1 498.71 1.63 "" "" "" "" 2 Simbad
18 J073637.00-580114.5 114.15416 -58.02069 18.56 18.36 AAT-May 57902.4 4.6 440.82 14.58 "" "" "" "" 2 Simbad
19 J073645.86-575154.1 114.19109 -57.86503 17.97 18.02 AAT-Jan 57777.7 8.3 484.83 2.01 "" "" "" "" 2 Simbad
20 J073645.86-575154.1 114.19109 -57.86503 17.97 18.02 IMACS-Car2Mask1 57779.3 10.4 457.63 2.06 "" "" "" "" 2 Simbad
21 J073646.47-575910.2 114.19362 -57.98617 19.39 18.93 AAT-Jan 57777.7 3.6 485.57 4.42 "" "" "" "" 2 Simbad
22 J073646.47-575910.2 114.19362 -57.98617 19.38 18.93 IMACS-Car2Mask2 57778.3 5.4 484.15 3.17 "" "" "" "" 2 Simbad
23 J073646.47-575910.2 114.19362 -57.98617 19.38 18.93 IMACS-Car2Mask1 57779.3 5.0 486.62 2.59 2.62 0.29 -2.26 0.15 2 Simbad
24 J073646.47-575910.2 114.19362 -57.98617 19.38 18.93 VLT-Feb 57811.1 17.5 460.69 1.37 2.82 0.3 -2.16 0.16 2 Simbad
25 J073655.60-580049.8 114.23168 -58.01383 18.99 18.52 IMACS-Car2Mask2 57778.3 7.2 475.21 1.92 "" "" "" "" 2 Simbad
26 J073729.30-580447.8 114.37206 -58.07993 19.14 18.68 VLT-Feb 57811.1 19.6 479.53 1.32 2.42 0.33 -2.4 0.18 2 Simbad
27 J073737.04-574925.5 114.40434 -57.82375 19.09 19.46 VLT-Feb 57811.1 6.0 481.13 8.25 "" "" "" "" 2 Simbad
28 J073739.81-580507.0 114.41589 -58.08528 17.8 17.25 VLT-Feb 57811.1 46.8 480.22 0.97 2.52 0.26 -2.64 0.13 2 Simbad
29 J073745.86-580406.7 114.44108 -58.06853 18.28 18.52 AAT-Jan 57777.7 4.1 467.44 8.43 "" "" "" "" 2 Simbad
30 J073745.86-580406.7 114.44108 -58.06853 18.28 18.52 VLT-Feb 57811.1 16.9 474.1 2.8 "" "" "" "" 2 Simbad
31 J073823.68-575150.8 114.59866 -57.86412 20.21 19.71 VLT-Feb 57811.1 6.4 290.56 4.99 "" "" "" "" 3 Simbad
32 J073834.84-575211.2 114.64516 -57.86977 17.6 17.77 AAT-Jan 57777.7 8.5 277.14 3.93 "" "" "" "" 3 Simbad
33 J073834.84-575211.2 114.64516 -57.86977 17.6 17.77 IMACS-Car3LongSlit 57779.3 6.9 282.26 2.99 "" "" "" "" 3 Simbad
34 J073834.94-575705.4 114.64558 -57.9515 17.7 17.18 IMACS-Car3Mask1 57778.2 29.9 280.19 1.29 3.73 0.25 -1.97 0.12 3 Simbad
35 J073834.94-575705.4 114.64558 -57.9515 17.7 17.18 VLT-Feb 57811.1 43.8 280.36 1.0 3.73 0.28 -1.97 0.13 3 Simbad
36 J073835.54-575622.3 114.64808 -57.93952 17.53 17.68 IMACS-Car3Mask1 57778.2 15.6 288.25 1.56 "" "" "" "" 3 Simbad
37 J073835.54-575622.3 114.64808 -57.93952 17.53 17.68 VLT-Feb 57811.1 23.8 291.92 1.86 "" "" "" "" 3 Simbad
38 J073835.54-575622.3 114.64808 -57.93952 17.53 17.68 AAT-May 57902.4 4.4 288.25 4.92 "" "" "" "" 3 Simbad
39 J073507.41-574725.4 113.78087 -57.79038 18.13 17.89 AAT-Jan 57777.7 13.5 291.13 1.8 3.56 0.56 "" "" 0 Simbad
40 J073507.41-574725.4 113.78087 -57.79038 18.13 17.89 AAT-May 57902.4 7.3 298.29 2.3 "" "" "" "" 0 Simbad
41 J073613.95-580641.2 114.05814 -58.11145 18.31 17.92 AAT-Jan 57777.7 10.0 396.63 1.81 2.64 0.63 "" "" 0 Simbad
42 J073613.95-580641.2 114.05814 -58.11145 18.31 17.92 AAT-May 57902.4 6.9 388.58 2.72 "" "" "" "" 0 Simbad
43 J073629.58-574940.0 114.12327 -57.82777 18.21 17.96 AAT-Jan 57777.7 8.9 309.01 2.19 3.55 0.36 "" "" 0 Simbad
44 J073634.86-580340.6 114.14526 -58.06127 18.51 18.7 AAT-Jan 57777.7 5.5 329.64 3.85 "" "" "" "" 0 Simbad
45 J073634.86-580340.6 114.14526 -58.06127 18.51 18.7 IMACS-Car2Mask2 57778.3 4.0 327.09 3.91 "" "" "" "" 0 Simbad
46 J073634.86-580340.6 114.14526 -58.06127 18.51 18.7 VLT-Feb 57811.1 14.4 335.29 2.87 "" "" "" "" 0 Simbad
47 J073651.54-580247.8 114.21475 -58.04662 18.07 17.79 IMACS-Car2Mask2 57778.3 11.8 294.38 1.41 4.29 0.39 "" "" 0 Simbad
48 J073710.30-575819.3 114.29293 -57.97202 19.92 19.55 VLT-Feb 57811.1 9.5 261.93 3.18 4.2 0.59 "" "" 0 Simbad
49 J073727.87-574421.9 114.36613 -57.73943 18.21 17.93 AAT-Jan 57777.7 11.3 266.26 1.66 5.17 0.44 "" "" 0 Simbad
50 J073727.87-574421.9 114.36613 -57.73943 18.21 17.93 AAT-May 57902.4 5.2 294.1 4.91 "" "" "" "" 0 Simbad
51 J073303.65-581328.9 113.26519 -58.22471 15.36 14.64 AAT-Jan 57777.7 81.2 71.97 0.53 "" "" "" "" 0 Simbad
52 J073303.65-581328.9 113.26519 -58.22471 15.36 14.64 AAT-May 57902.4 62.5 71.09 0.54 "" "" "" "" 0 Simbad
53 J073351.47-573958.4 113.46448 -57.66624 18.92 18.33 AAT-Jan 57777.7 10.4 69.81 1.63 "" "" "" "" 0 Simbad
54 J073351.47-573958.4 113.46448 -57.66624 18.92 18.33 AAT-May 57902.4 5.0 67.26 3.01 "" "" "" "" 0 Simbad
55 J073425.15-581359.6 113.60478 -58.23323 18.28 17.5 AAT-Jan 57777.7 13.8 67.93 1.61 "" "" "" "" 0 Simbad
56 J073425.15-581359.6 113.60478 -58.23323 18.28 17.5 AAT-May 57902.4 10.6 66.65 1.53 "" "" "" "" 0 Simbad
57 J073430.58-581700.8 113.6274 -58.28355 15.65 14.91 AAT-Jan 57777.7 78.2 62.72 0.53 "" "" "" "" 0 Simbad
58 J073430.58-581700.8 113.6274 -58.28355 15.65 14.91 AAT-May 57902.4 50.7 62.03 0.57 "" "" "" "" 0 Simbad
59 J073441.69-575501.4 113.67373 -57.91706 18.21 17.86 AAT-Jan 57777.7 14.4 56.23 1.01 "" "" "" "" 0 Simbad
60 J073441.69-575501.4 113.67373 -57.91706 18.21 17.86 AAT-May 57902.4 6.3 50.1 2.97 "" "" "" "" 0 Simbad
61 J073441.90-581228.7 113.67459 -58.20797 18.26 17.91 AAT-Jan 57777.7 12.6 155.68 1.36 "" "" "" "" 0 Simbad
62 J073441.90-581228.7 113.67459 -58.20797 18.26 17.91 AAT-May 57902.4 7.0 155.55 2.5 "" "" "" "" 0 Simbad
63 J073502.13-580618.1 113.75886 -58.10504 15.11 14.13 AAT-Jan 57777.7 110.8 116.74 0.51 "" "" "" "" 0 Simbad
64 J073502.13-580618.1 113.75886 -58.10504 15.11 14.13 AAT-May 57902.4 87.7 115.41 0.52 "" "" "" "" 0 Simbad
65 J073502.66-575837.0 113.76109 -57.97693 18.16 17.87 AAT-Jan 57777.7 13.0 113.11 1.87 "" "" "" "" 0 Simbad
66 J073504.90-580509.0 113.77041 -58.08585 19.86 19.38 AAT-Jan 57777.7 3.7 29.07 4.46 "" "" "" "" 0 Simbad
67 J073507.01-574936.3 113.77923 -57.82676 18.24 17.87 AAT-Jan 57777.7 13.8 69.67 1.39 "" "" "" "" 0 Simbad
68 J073507.01-574936.3 113.77923 -57.82676 18.24 17.87 AAT-May 57902.4 5.9 72.0 3.0 "" "" "" "" 0 Simbad
69 J073508.55-580227.7 113.78564 -58.04102 18.29 17.92 AAT-Jan 57777.7 13.0 83.94 2.04 "" "" "" "" 0 Simbad
70 J073508.61-581116.1 113.78587 -58.18779 18.39 18.09 AAT-Jan 57777.7 13.0 46.96 1.09 "" "" "" "" 0 Simbad
71 J073508.70-574825.9 113.78626 -57.80719 18.2 17.93 AAT-Jan 57777.7 12.6 15.03 1.6 "" "" "" "" 0 Simbad
72 J073511.01-575759.9 113.79588 -57.96664 19.84 19.36 AAT-Jan 57777.7 4.2 66.99 4.76 "" "" "" "" 0 Simbad
73 J073511.65-580302.4 113.79854 -58.05067 19.62 19.13 AAT-Jan 57777.7 5.1 74.21 2.91 "" "" "" "" 0 Simbad
74 J073514.14-580405.7 113.8089 -58.06825 19.54 19.02 AAT-Jan 57777.7 6.1 11.74 2.44 "" "" "" "" 0 Simbad
75 J073514.46-575647.0 113.81025 -57.94638 18.27 17.87 AAT-Jan 57777.7 14.7 121.73 1.49 "" "" "" "" 0 Simbad
76 J073514.46-575647.0 113.81025 -57.94638 18.27 17.87 AAT-May 57902.4 5.8 124.11 3.13 "" "" "" "" 0 Simbad
77 J073518.57-574912.1 113.82736 -57.82004 18.22 17.88 AAT-Jan 57777.7 13.1 108.81 1.42 "" "" "" "" 0 Simbad
78 J073518.57-574912.1 113.82736 -57.82004 18.22 17.88 AAT-May 57902.4 6.0 114.95 2.95 "" "" "" "" 0 Simbad
79 J073526.10-580004.8 113.85877 -58.00132 18.21 17.92 AAT-Jan 57777.7 13.7 119.62 1.63 "" "" "" "" 0 Simbad
80 J073526.10-580004.8 113.85877 -58.00132 18.21 17.92 AAT-May 57902.4 6.0 129.29 3.32 "" "" "" "" 0 Simbad
81 J073529.45-575543.4 113.87271 -57.92873 18.63 18.09 AAT-Jan 57777.7 13.8 24.76 2.12 "" "" "" "" 0 Simbad
82 J073529.45-575543.4 113.87271 -57.92873 18.63 18.09 AAT-May 57902.4 5.4 28.33 2.76 "" "" "" "" 0 Simbad
83 J073532.90-580918.9 113.88709 -58.15525 20.22 19.67 AAT-Jan 57777.7 3.3 75.81 3.41 "" "" "" "" 0 Simbad
84 J073534.77-580205.4 113.89486 -58.03482 19.06 18.5 IMACS-Car2Mask2 57778.3 7.1 73.84 1.7 "" "" "" "" 0 Simbad
85 J073535.99-580015.6 113.89997 -58.00433 18.19 17.96 AAT-Jan 57777.7 9.8 104.73 2.07 "" "" "" "" 0 Simbad
86 J073536.31-575045.3 113.9013 -57.84591 18.18 17.8 AAT-Jan 57777.7 12.1 23.0 1.32 "" "" "" "" 0 Simbad
87 J073536.31-575045.3 113.9013 -57.84591 18.18 17.8 AAT-May 57902.4 7.6 26.72 2.47 "" "" "" "" 0 Simbad
88 J073536.81-575704.1 113.90337 -57.95114 19.3 18.8 AAT-Jan 57777.7 6.9 36.98 2.2 "" "" "" "" 0 Simbad
89 J073538.94-580538.1 113.91227 -58.09391 18.46 18.71 AAT-Jan 57777.7 5.0 158.72 7.45 "" "" "" "" 0 Simbad
90 J073540.15-575734.3 113.9173 -57.95952 19.32 18.81 AAT-Jan 57777.7 4.7 6.18 3.24 "" "" "" "" 0 Simbad
91 J073544.11-580450.4 113.93377 -58.08067 19.64 19.12 AAT-Jan 57777.7 4.2 123.75 4.55 "" "" "" "" 0 Simbad
92 J073544.96-580359.9 113.93735 -58.06663 18.26 17.66 AAT-Jan 57777.7 18.2 114.72 1.0 "" "" "" "" 0 Simbad
93 J073547.88-580253.6 113.9495 -58.04823 18.13 17.81 AAT-Jan 57777.7 11.2 131.45 1.35 "" "" "" "" 0 Simbad
94 J073547.88-580253.6 113.9495 -58.04823 18.13 17.81 AAT-May 57902.4 6.9 131.18 2.57 "" "" "" "" 0 Simbad
95 J073550.54-575935.7 113.96058 -57.99325 18.11 17.52 IMACS-Car2Mask2 57778.3 11.4 42.47 1.34 "" "" "" "" 0 Simbad
96 J073551.76-575808.1 113.96567 -57.96892 19.38 18.93 AAT-Jan 57777.7 6.1 51.7 2.9 "" "" "" "" 0 Simbad
97 J073552.03-581115.9 113.96678 -58.18776 18.2 17.86 AAT-Jan 57777.7 12.1 126.49 1.73 "" "" "" "" 0 Simbad
98 J073552.03-581115.9 113.96678 -58.18776 18.2 17.86 AAT-May 57902.4 6.3 130.1 2.33 "" "" "" "" 0 Simbad
99 J073553.11-574724.5 113.97127 -57.79013 19.33 18.82 AAT-Jan 57777.7 6.1 45.56 2.18 "" "" "" "" 0 Simbad
100 J073553.56-575441.0 113.97318 -57.91139 17.7 17.02 AAT-Jan 57777.7 17.9 70.47 0.85 "" "" "" "" 0 Simbad
101 J073553.73-580912.0 113.97389 -58.15334 19.25 18.77 AAT-Jan 57777.7 5.3 175.53 6.6 "" "" "" "" 0 Simbad
102 J073553.73-580912.0 113.97389 -58.15334 19.25 18.77 AAT-May 57902.4 3.2 182.98 7.15 "" "" "" "" 0 Simbad
103 J073555.98-580551.0 113.98327 -58.0975 19.51 19.01 IMACS-Car2Mask2 57778.3 4.5 57.38 5.64 "" "" "" "" 0 Simbad
104 J073557.93-575209.4 113.99137 -57.86927 18.51 17.96 AAT-Jan 57777.7 14.0 12.73 1.01 "" "" "" "" 0 Simbad
105 J073558.25-581139.6 113.99269 -58.19433 19.09 18.57 AAT-Jan 57777.7 6.8 48.5 2.68 "" "" "" "" 0 Simbad
106 J073559.22-580528.3 113.99675 -58.09119 17.8 17.22 IMACS-Car2Mask2 57778.3 18.3 29.62 5.27 "" "" "" "" 0 Simbad
107 J073600.84-575527.4 114.00351 -57.92428 19.61 19.11 AAT-Jan 57777.7 5.3 93.0 3.08 "" "" "" "" 0 Simbad
108 J073600.84-575527.4 114.00351 -57.92428 19.61 19.11 VLT-Feb 57811.1 11.7 98.79 2.14 "" "" "" "" 0 Simbad
109 J073601.50-575432.8 114.00625 -57.9091 18.54 17.98 AAT-Jan 57777.7 13.2 13.28 1.03 "" "" "" "" 0 Simbad
110 J073601.50-575432.8 114.00625 -57.9091 18.54 17.98 IMACS-Car2Mask1 57779.3 13.3 19.32 1.4 "" "" "" "" 0 Simbad
111 J073601.50-575432.8 114.00625 -57.9091 18.54 17.98 AAT-May 57902.4 5.2 18.08 2.51 "" "" "" "" 0 Simbad
112 J073601.57-575222.6 114.00654 -57.87295 19.42 18.91 IMACS-Car2Mask1 57779.3 5.6 88.68 2.99 "" "" "" "" 0 Simbad
113 J073601.71-580125.1 114.00711 -58.02363 19.39 18.84 AAT-Jan 57777.7 4.8 24.58 3.24 "" "" "" "" 0 Simbad
114 J073601.71-580125.1 114.00711 -58.02363 19.39 18.84 IMACS-Car2Mask2 57778.3 5.4 22.97 2.2 "" "" "" "" 0 Simbad
115 J073602.66-580421.9 114.01109 -58.07274 18.82 18.28 IMACS-Car2Mask2 57778.3 8.7 107.46 1.76 "" "" "" "" 0 Simbad
116 J073602.90-575327.8 114.01207 -57.89105 19.13 18.59 AAT-Jan 57777.7 4.8 19.82 3.24 "" "" "" "" 0 Simbad
117 J073602.90-575327.8 114.01207 -57.89105 19.13 18.59 IMACS-Car2Mask1 57779.3 8.5 21.95 1.6 "" "" "" "" 0 Simbad
118 J073603.89-580956.7 114.0162 -58.16575 19.66 19.12 AAT-Jan 57777.7 3.5 60.51 3.97 "" "" "" "" 0 Simbad
119 J073604.06-575226.5 114.0169 -57.87404 18.84 18.34 AAT-Jan 57777.7 6.9 55.97 2.41 "" "" "" "" 0 Simbad
120 J073604.06-575226.5 114.0169 -57.87404 18.84 18.34 IMACS-Car2Mask1 57779.3 10.5 56.05 1.42 "" "" "" "" 0 Simbad
121 J073605.38-581336.4 114.02241 -58.22679 19.66 19.18 AAT-Jan 57777.7 4.6 32.68 3.11 "" "" "" "" 0 Simbad
122 J073606.49-580452.6 114.02704 -58.08127 19.09 18.52 AAT-Jan 57777.7 8.7 21.49 1.66 "" "" "" "" 0 Simbad
123 J073606.60-580029.8 114.02751 -58.00828 19.47 19.01 AAT-Jan 57777.7 5.9 41.24 2.41 "" "" "" "" 0 Simbad
124 J073606.60-580029.8 114.02751 -58.00828 19.47 19.01 VLT-Feb 57811.1 7.9 43.4 3.34 "" "" "" "" 0 Simbad
125 J073607.11-582140.5 114.02962 -58.36125 18.21 17.84 AAT-Jan 57777.7 14.8 83.42 1.64 "" "" "" "" 0 Simbad
126 J073607.11-582140.5 114.02962 -58.36125 18.21 17.84 AAT-May 57902.4 6.2 91.55 3.09 "" "" "" "" 0 Simbad
127 J073607.15-580150.8 114.02978 -58.03077 16.97 16.34 VLT-Feb 57811.1 65.1 80.04 0.94 "" "" "" "" 0 Simbad
128 J073607.38-575302.6 114.03074 -57.88406 19.97 19.51 VLT-Feb 57811.1 9.7 199.79 2.68 "" "" "" "" 0 Simbad
129 J073608.38-575955.7 114.03493 -57.99881 20.26 19.77 VLT-Feb 57811.1 7.2 117.24 3.01 "" "" "" "" 0 Simbad
130 J073608.49-575452.6 114.03539 -57.9146 18.26 17.67 AAT-Jan 57777.7 7.0 40.16 2.65 "" "" "" "" 0 Simbad
131 J073608.49-575452.6 114.03539 -57.9146 18.26 17.67 IMACS-Car2Mask1 57779.3 16.4 35.72 1.17 "" "" "" "" 0 Simbad
132 J073608.49-575452.6 114.03539 -57.9146 18.26 17.67 AAT-May 57902.4 5.2 29.08 2.73 "" "" "" "" 0 Simbad
133 J073609.42-575723.5 114.03924 -57.95652 16.27 15.54 VLT-Feb 57811.1 100.1 31.78 0.92 "" "" "" "" 0 Simbad
134 J073609.56-580846.1 114.03984 -58.14613 18.43 17.85 AAT-Jan 57777.7 9.6 74.05 1.52 "" "" "" "" 0 Simbad
135 J073609.56-580846.1 114.03984 -58.14613 18.43 17.85 AAT-May 57902.4 6.2 73.37 2.58 "" "" "" "" 0 Simbad
136 J073609.83-575300.2 114.04094 -57.8834 18.51 17.96 IMACS-Car2Mask1 57779.3 13.5 16.64 1.61 "" "" "" "" 0 Simbad
137 J073609.83-575300.2 114.04094 -57.8834 18.51 17.96 VLT-Feb 57811.1 26.4 19.78 1.22 "" "" "" "" 0 Simbad
138 J073610.52-580201.7 114.04385 -58.03381 17.21 16.65 VLT-Feb 57811.1 53.2 -0.47 0.96 "" "" "" "" 0 Simbad
139 J073610.92-573354.4 114.04549 -57.5651 18.27 17.92 AAT-Jan 57777.7 12.1 -5.84 1.65 "" "" "" "" 0 Simbad
140 J073610.92-573354.4 114.04549 -57.5651 18.27 17.92 AAT-May 57902.4 5.5 -3.6 2.37 "" "" "" "" 0 Simbad
141 J073612.85-575647.5 114.05356 -57.94651 19.91 19.34 AAT-Jan 57777.7 4.1 57.86 3.46 "" "" "" "" 0 Simbad
142 J073613.66-575026.9 114.0569 -57.84081 19.28 18.89 VLT-Feb 57811.1 11.9 188.08 2.01 "" "" "" "" 0 Simbad
143 J073613.78-580557.2 114.0574 -58.09922 18.27 17.72 AAT-Jan 57777.7 11.8 6.73 1.47 "" "" "" "" 0 Simbad
144 J073613.78-580557.2 114.0574 -58.09922 18.27 17.72 AAT-May 57902.4 5.9 9.46 3.05 "" "" "" "" 0 Simbad
145 J073613.87-574744.2 114.05779 -57.79561 18.14 17.77 AAT-Jan 57777.7 15.7 71.66 0.97 "" "" "" "" 0 Simbad
