data/li2018/table4.csv
# %ECSV 1.0
# ---
# datatype:
# - name: recno
#   datatype: int32
#   description: Record number assigned by the VizieR team. Should Not be used for identification.
#   meta: !!omap
#   - {ucd: RECORD}
#   - {width: 8}
# - name: MagLiteS
#   datatype: string
#   description: Original MAGLITES identifier (JHHMMSS.ss+DDMMSS.s)
#   meta: !!omap
#   - {ucd: ID_MAIN}
#   - {_votable_string_dtype: char}
# - name: RAJ2000
#   unit: deg
#   datatype: float64
#   format: '{:9.5f}'
#   description: '[113.2/115] Right Ascension (J2000)'
#   meta: !!omap
#   - {ucd: POS_EQ_RA_MAIN}
#   - {width: 9}
#   - {precision: '5'}
# - name: DEJ2000
#   unit: deg
#   datatype: float64
#   format: '{:9.5f}'
#   description: '[-58.4/-57.3] Declination (J2000)'
#   meta: !!omap
#   - {ucd: POS_EQ_DEC_MAIN}
#   - {width: 9}
#   - {precision: '5'}
# - name: g0mag
#   unit: mag
#   datatype: float32
#   format: '{:5.2f}'
#   description: '[14.6/20.3] Dereddened DECam g band magnitude (1)'
#   meta: !!omap
#   - {ucd: PHOT_SDSS_G}
#   - {width: 5}
#   - {precision: '2'}
# - name: r0mag
#   unit: mag
#   datatype: float32
#   format: '{:5.2f}'
#   description: '[13.9/20] Dereddened DECam r band magnitude (1)'
#   meta: !!omap
#   - {ucd: PHOT_SDSS_R}
#   - {width: 5}
#   - {precision: '2'}
# - name: Inst
#   datatype: string
#   description: Instrument/Masks used
#   meta: !!omap
#   - {ucd: INST_ID}
#   - {_votable_string_dtype: char}
#   - {_votable_arraysize: 18*}
# - name: MJD
#   unit: d
#   datatype: float32
#   format: '{:7.1f}'
#   description: '[57777.7/57902.4] Modified Julian Date; JD-2400000.5'
#   meta: !!omap
#   - {ucd: TIME_DATE}
#   - {width: 7}
#   - {precision: '1'}
# - name: S/N
#   datatype: float32
#   format: '{:5.1f}'
#   description: '[3.2/110.8] Spectra signal-to-noise'
#   meta: !!omap
#   - {ucd: INST_S/N}
#   - {width: 5}
#   - {precision: '1'}
# - name: HRV
#   unit: km / s
#   datatype: float32
#   format: '{:6.2f}'
#   description: '[-21.5/499] Heliocentric radial velocity'
#   meta: !!omap
#   - {ucd: VELOC_HC}
#   - {width: 6}
#   - {precision: '2'}
# - name: e_HRV
#   unit: km / s
#   datatype: float32
#   format: '{:5.2f}'
#   description: '[0.5/15] Uncertainty in HRV'
#   meta: !!omap
#   - {ucd: ERROR}
#   - {width: 5}
#   - {precision: '2'}
# - name: EW
#   unit: 0.1 nm
#   datatype: float32
#   format: '{:7.2f}'
#   description: '[1.7/5.2]? Equivalent width, calcium triplet, in Angstrom units'
#   meta: !!omap
#   - {ucd: SPECT_EQ-WIDTH}
#   - {width: 7}
#   - {precision: '2'}
#   - values: {'null': .nan}
# - name: e_EW
#   unit: 0.1 nm
#   datatype: float32
#   format: '{:7.2f}'
#   description: '[0.2/0.9]? Uncertainty in EW'
#   meta: !!omap
#   - {ucd: ERROR}
#   - {width: 7}
#   - {precision: '2'}
#   - values: {'null': .nan}
# - name: '[Fe/H]'
#   unit: log(Sun)
#   datatype: float32
#   format: '{:8.2f}'
#   description: '[-2.8/-1.9]? Metallicity'
#   meta: !!omap
#   - {ucd: PHYS_ABUND_FE/H}
#   - {width: 8}
#   - {precision: '2'}
#   - values: {'null': .nan}
# - name: e_[Fe/H]
#   unit: log(Sun)
#   datatype: float32
#   format: '{:7.2f}'
#   description: '[0.1/0.5]? Uncertainty in [Fe/H]'
#   meta: !!omap
#   - {ucd: ERROR}
#   - {width: 7}
#   - {precision: '2'}
#   - values: {'null': .nan}
# - name: Mm
#   datatype: uint8
#   description: '[0/3]? Membership (2)'
#   meta: !!omap
#   - {ucd: CODE_MEMB}
#   - {width: 1}
#   - values: {'null': 255}
# - name: Simbad
#   datatype: string
#   description: Simbad column added by the CDS
#   meta: !!omap
#   - {ucd: DATA_LINK}
#   - {_votable_string_dtype: char}
#   - {_votable_arraysize: 6*}
# meta: !!omap
# - {ID: J_ApJ_857_145_table4}
# - {name: J/ApJ/857/145/table4}
# - {description: Velocity and metallicity measurements}
# schema: astropy-2.0
recno MagLiteS RAJ2000 DEJ2000 g0mag r0mag Inst MJD S/N HRV e_HRV EW e_EW [Fe/H] e_[Fe/H] Mm Simbad
[from data line 146]
147 J073613.89-574856.4 114.05788 -57.81566 18.79 18.25 AAT-May 57902.4 3.9 74.74 5.14 "" "" "" "" 0 Simbad
148 J073615.66-575551.9 114.06524 -57.93107 18.22 17.89 AAT-Jan 57777.7 12.8 47.56 1.2 "" "" "" "" 0 Simbad
149 J073615.66-580207.2 114.06527 -58.03534 18.2 17.94 AAT-Jan 57777.7 9.4 95.99 2.02 "" "" "" "" 0 Simbad
150 J073615.66-580207.2 114.06527 -58.03534 18.2 17.94 IMACS-Car2Mask1 57779.3 10.2 100.47 2.03 "" "" "" "" 0 Simbad
151 J073616.20-580323.0 114.0675 -58.0564 16.4 15.48 IMACS-Car2Mask2 57778.3 61.1 36.16 1.02 "" "" "" "" 0 Simbad
152 J073616.20-580323.0 114.0675 -58.0564 16.4 15.48 IMACS-Car2Mask1 57779.3 57.3 37.74 1.01 "" "" "" "" 0 Simbad
153 J073616.51-575712.6 114.06877 -57.95349 17.34 16.76 VLT-Feb 57811.1 58.8 75.92 0.92 "" "" "" "" 0 Simbad
154 J073616.85-575656.4 114.0702 -57.949 18.52 18.24 IMACS-Car2Mask1 57779.3 9.5 43.53 1.75 "" "" "" "" 0 Simbad
155 J073617.16-580024.2 114.07148 -58.00673 19.66 19.27 VLT-Feb 57811.1 10.6 67.41 2.34 "" "" "" "" 0 Simbad
156 J073618.06-575942.3 114.07524 -57.99509 19.25 18.65 AAT-Jan 57777.7 8.4 33.65 2.44 "" "" "" "" 0 Simbad
157 J073620.45-580008.7 114.08521 -58.00241 19.02 18.59 IMACS-Car2Mask1 57779.3 6.3 82.62 2.06 "" "" "" "" 0 Simbad
158 J073620.68-575420.4 114.08616 -57.90566 18.09 18.0 IMACS-Car2Mask1 57779.3 11.1 67.31 1.39 "" "" "" "" 0 Simbad
159 J073621.87-575630.3 114.09111 -57.94176 19.3 18.86 AAT-Jan 57777.7 4.6 33.45 3.93 "" "" "" "" 0 Simbad
160 J073621.87-575630.3 114.09111 -57.94176 19.3 18.86 IMACS-Car2Mask1 57779.3 6.4 29.78 2.28 "" "" "" "" 0 Simbad
161 J073621.87-575630.3 114.09111 -57.94176 19.3 18.86 VLT-Feb 57811.1 13.8 34.67 1.74 "" "" "" "" 0 Simbad
162 J073622.06-581946.6 114.09193 -58.32961 18.21 17.9 AAT-Jan 57777.7 12.3 100.01 1.44 "" "" "" "" 0 Simbad
163 J073622.06-581946.6 114.09193 -58.32961 18.21 17.9 AAT-May 57902.4 4.2 92.78 4.46 "" "" "" "" 0 Simbad
164 J073622.73-580143.5 114.0947 -58.02875 18.89 18.36 AAT-Jan 57777.7 7.1 44.94 2.09 "" "" "" "" 0 Simbad
165 J073622.73-580143.5 114.0947 -58.02875 18.89 18.36 IMACS-Car2Mask2 57778.3 8.6 45.6 1.57 "" "" "" "" 0 Simbad
166 J073623.95-575847.7 114.09977 -57.97991 17.42 16.81 AAT-Jan 57777.7 35.3 39.18 0.57 "" "" "" "" 0 Simbad
167 J073623.95-575847.7 114.09977 -57.97991 17.42 16.81 IMACS-Car2Mask1 57779.3 26.3 30.43 1.06 "" "" "" "" 0 Simbad
168 J073623.95-575847.7 114.09977 -57.97991 17.42 16.81 AAT-May 57902.4 16.0 29.13 0.93 "" "" "" "" 0 Simbad
169 J073625.22-575351.1 114.10509 -57.89753 19.03 18.5 AAT-Jan 57777.7 5.2 74.78 2.34 "" "" "" "" 0 Simbad
170 J073625.22-575351.1 114.10509 -57.89753 19.03 18.5 IMACS-Car2Mask1 57779.3 9.0 74.55 1.48 "" "" "" "" 0 Simbad
171 J073625.23-580119.0 114.10512 -58.02193 20.28 19.78 VLT-Feb 57811.1 9.0 141.66 2.54 "" "" "" "" 0 Simbad
172 J073625.28-580210.6 114.10534 -58.03627 19.12 18.66 AAT-Jan 57777.7 5.2 35.7 2.9 "" "" "" "" 0 Simbad
173 J073625.28-580210.6 114.10534 -58.03627 19.12 18.66 IMACS-Car2Mask2 57778.3 7.1 39.09 2.01 "" "" "" "" 0 Simbad
174 J073625.28-580210.6 114.10534 -58.03627 19.12 18.66 IMACS-Car2Mask1 57779.3 7.0 43.91 2.11 "" "" "" "" 0 Simbad
175 J073626.51-574845.2 114.11046 -57.81255 19.9 19.4 VLT-Feb 57811.1 8.4 130.68 2.76 "" "" "" "" 0 Simbad
176 J073629.13-575453.8 114.12138 -57.91494 18.16 17.54 AAT-Jan 57777.7 14.0 20.81 1.06 "" "" "" "" 0 Simbad
177 J073629.13-575453.8 114.12138 -57.91494 18.16 17.54 IMACS-Car2Mask1 57779.3 19.0 21.91 1.13 "" "" "" "" 0 Simbad
178 J073629.33-575506.3 114.12222 -57.91841 18.88 18.36 AAT-Jan 57777.7 5.4 78.84 3.33 "" "" "" "" 0 Simbad
179 J073629.33-575506.3 114.12222 -57.91841 18.88 18.36 IMACS-Car2Mask1 57779.3 10.5 74.85 1.42 "" "" "" "" 0 Simbad
180 J073629.94-575807.2 114.12476 -57.96866 19.24 18.69 IMACS-Car2Mask1 57779.3 5.8 180.55 2.25 "" "" "" "" 0 Simbad
181 J073630.93-580230.5 114.12889 -58.04181 18.84 18.35 AAT-Jan 57777.7 11.3 55.59 1.22 "" "" "" "" 0 Simbad
182 J073630.93-580230.5 114.12889 -58.04181 18.84 18.35 IMACS-Car2Mask1 57779.3 8.2 57.93 1.71 "" "" "" "" 0 Simbad
183 J073630.93-580230.5 114.12889 -58.04181 18.84 18.35 AAT-May 57902.4 4.5 60.37 2.87 "" "" "" "" 0 Simbad
184 J073632.11-575441.1 114.13379 -57.9114 18.27 17.97 IMACS-Car2Mask1 57779.3 12.0 94.19 1.41 "" "" "" "" 0 Simbad
185 J073633.41-575643.8 114.13921 -57.94551 19.3 18.82 IMACS-Car2Mask1 57779.3 6.0 60.74 2.7 "" "" "" "" 0 Simbad
186 J073633.59-574826.4 114.13998 -57.80734 19.39 18.95 VLT-Feb 57811.1 11.8 53.02 1.97 "" "" "" "" 0 Simbad
187 J073634.38-575843.1 114.14324 -57.97864 19.33 18.8 AAT-Jan 57777.7 6.0 49.09 2.66 "" "" "" "" 0 Simbad
188 J073634.38-575843.1 114.14324 -57.97864 19.33 18.8 IMACS-Car2Mask2 57778.3 6.0 34.56 2.11 "" "" "" "" 0 Simbad
189 J073634.38-575843.1 114.14324 -57.97864 19.33 18.8 IMACS-Car2Mask1 57779.3 5.9 35.8 2.38 "" "" "" "" 0 Simbad
190 J073634.57-575540.3 114.14403 -57.92787 19.52 19.0 AAT-Jan 57777.7 3.8 104.93 4.12 "" "" "" "" 0 Simbad
191 J073634.57-575540.3 114.14403 -57.92787 19.52 19.0 IMACS-Car2Mask1 57779.3 6.1 96.82 2.33 "" "" "" "" 0 Simbad
192 J073634.57-575540.3 114.14403 -57.92787 19.52 19.0 VLT-Feb 57811.1 15.4 118.37 1.6 "" "" "" "" 0 Simbad
193 J073635.24-575139.0 114.14685 -57.86083 19.76 19.38 VLT-Feb 57811.1 9.5 113.4 2.46 "" "" "" "" 0 Simbad
194 J073635.58-580407.4 114.14825 -58.06871 19.5 19.09 VLT-Feb 57811.1 13.9 88.3 1.72 "" "" "" "" 0 Simbad
195 J073636.48-575218.2 114.15201 -57.87173 19.33 18.84 AAT-Jan 57777.7 3.9 124.16 4.11 "" "" "" "" 0 Simbad
196 J073636.48-575218.2 114.15201 -57.87173 19.33 18.84 VLT-Feb 57811.1 16.9 132.81 1.47 "" "" "" "" 0 Simbad
197 J073636.81-580702.6 114.15336 -58.11739 17.88 17.31 VLT-Feb 57811.1 40.7 11.21 1.0 "" "" "" "" 0 Simbad
198 J073636.90-580227.4 114.15374 -58.04093 19.42 18.96 IMACS-Car2Mask2 57778.3 5.2 72.61 2.96 "" "" "" "" 0 Simbad
199 J073639.05-580034.7 114.16271 -58.00963 18.99 18.46 IMACS-Car2Mask1 57779.3 7.9 21.3 1.82 "" "" "" "" 0 Simbad
200 J073639.05-580034.7 114.16271 -58.00963 18.99 18.46 VLT-Feb 57811.1 21.9 19.32 1.37 "" "" "" "" 0 Simbad
201 J073639.49-575732.9 114.16455 -57.95915 16.14 15.18 IMACS-Car2Mask2 57778.3 79.8 10.08 1.01 "" "" "" "" 0 Simbad
202 J073641.23-574924.5 114.17179 -57.82347 19.32 18.9 VLT-Feb 57811.1 14.0 95.21 1.81 "" "" "" "" 0 Simbad
203 J073641.58-575100.3 114.17324 -57.85009 17.52 16.9 IMACS-Car2Mask1 57779.3 26.7 31.85 1.07 "" "" "" "" 0 Simbad
204 J073641.58-575100.3 114.17324 -57.85009 17.52 16.9 VLT-Feb 57811.1 37.8 29.15 1.02 "" "" "" "" 0 Simbad
205 J073642.80-580205.3 114.17833 -58.03481 18.0 17.74 IMACS-Car2Mask2 57778.3 12.9 45.68 1.64 "" "" "" "" 0 Simbad
206 J073644.46-575850.1 114.18526 -57.98058 19.6 19.07 IMACS-Car2Mask2 57778.3 5.1 68.76 3.96 "" "" "" "" 0 Simbad
207 J073645.13-573941.7 114.18806 -57.66157 18.18 17.84 AAT-Jan 57777.7 10.1 13.47 1.54 "" "" "" "" 0 Simbad
208 J073645.91-575732.5 114.19131 -57.95904 19.59 19.11 AAT-Jan 57777.7 4.1 181.81 4.18 "" "" "" "" 0 Simbad
209 J073645.94-580025.3 114.19142 -58.00701 16.96 16.25 AAT-Jan 57777.7 25.1 47.59 0.65 "" "" "" "" 0 Simbad
210 J073645.94-580025.3 114.19142 -58.00701 16.95 16.25 IMACS-Car2Mask2 57778.3 39.7 44.98 1.03 "" "" "" "" 0 Simbad
211 J073645.94-580025.3 114.19142 -58.00701 16.96 16.25 AAT-May 57902.4 20.3 46.82 0.77 "" "" "" "" 0 Simbad
212 J073647.17-575143.8 114.19652 -57.86216 18.65 18.18 VLT-Feb 57811.1 22.4 -0.77 1.3 "" "" "" "" 0 Simbad
213 J073647.36-580217.9 114.19735 -58.03832 17.77 17.27 VLT-Feb 57811.1 39.9 -3.3 1.02 "" "" "" "" 0 Simbad
214 J073648.26-575301.0 114.20108 -57.88361 18.1 17.48 IMACS-Car2Mask1 57779.3 18.9 68.0 1.13 "" "" "" "" 0 Simbad
215 J073648.79-574925.7 114.20327 -57.82379 18.33 17.87 VLT-Feb 57811.1 28.1 109.52 1.13 "" "" "" "" 0 Simbad
216 J073649.12-575207.9 114.20465 -57.86886 18.82 18.3 VLT-Feb 57811.1 23.7 23.14 1.19 "" "" "" "" 0 Simbad
217 J073649.15-580108.5 114.20478 -58.01902 18.52 17.98 AAT-Jan 57777.7 13.9 36.04 1.8 "" "" "" "" 0 Simbad
218 J073649.15-580108.5 114.20478 -58.01902 18.52 17.98 IMACS-Car2Mask2 57778.3 11.4 36.02 1.37 "" "" "" "" 0 Simbad
219 J073649.15-580108.5 114.20478 -58.01902 18.52 17.98 IMACS-Car2Mask1 57779.3 12.6 35.27 1.29 "" "" "" "" 0 Simbad
220 J073649.15-580108.5 114.20478 -58.01902 18.52 17.98 VLT-Feb 57811.1 27.1 35.33 1.14 "" "" "" "" 0 Simbad
221 J073649.63-574756.7 114.20681 -57.79908 18.91 18.46 VLT-Feb 57811.1 15.3 48.72 1.68 "" "" "" "" 0 Simbad
222 J073650.43-575529.1 114.21011 -57.92475 15.03 14.23 AAT-Jan 57777.7 107.8 116.51 0.51 "" "" "" "" 0 Simbad
223 J073650.43-575529.1 114.21011 -57.92475 15.03 14.23 AAT-May 57902.4 73.4 117.32 0.53 "" "" "" "" 0 Simbad
224 J073650.61-575032.9 114.21088 -57.84246 19.06 18.6 VLT-Feb 57811.1 18.8 59.25 1.34 "" "" "" "" 0 Simbad
225 J073652.10-580412.1 114.21707 -58.07003 17.73 17.05 IMACS-Car2Mask1 57779.3 23.2 32.48 1.12 "" "" "" "" 0 Simbad
226 J073652.39-575453.8 114.21831 -57.91494 19.77 19.38 VLT-Feb 57811.1 10.3 62.88 2.36 "" "" "" "" 0 Simbad
227 J073652.66-575221.8 114.21942 -57.87272 18.09 17.53 AAT-Jan 57777.7 16.5 -11.59 0.87 "" "" "" "" 0 Simbad
228 J073652.66-575221.8 114.21942 -57.87272 18.09 17.53 AAT-May 57902.4 9.0 -3.39 1.63 "" "" "" "" 0 Simbad
229 J073652.99-580654.6 114.22079 -58.11516 17.54 16.96 VLT-Feb 57811.1 50.3 61.0 0.96 "" "" "" "" 0 Simbad
230 J073653.60-582232.9 114.22333 -58.3758 18.24 17.94 AAT-Jan 57777.7 12.9 45.68 1.21 "" "" "" "" 0 Simbad
231 J073654.04-580517.3 114.22515 -58.08814 20.06 19.7 VLT-Feb 57811.1 8.4 79.18 2.86 "" "" "" "" 0 Simbad
232 J073654.16-575442.5 114.22566 -57.9118 19.46 19.07 VLT-Feb 57811.1 12.6 82.75 1.7 "" "" "" "" 0 Simbad
233 J073654.70-580807.9 114.22792 -58.13552 17.79 17.2 VLT-Feb 57811.1 47.2 72.3 0.98 "" "" "" "" 0 Simbad
234 J073655.54-580316.7 114.23143 -58.05463 18.09 17.52 AAT-Jan 57777.7 13.7 69.3 1.5 "" "" "" "" 0 Simbad
235 J073655.54-580316.7 114.23143 -58.05463 18.09 17.52 VLT-Feb 57811.1 39.5 68.56 1.02 "" "" "" "" 0 Simbad
236 J073655.54-580316.7 114.23143 -58.05463 18.09 17.52 AAT-May 57902.4 6.0 62.65 2.64 "" "" "" "" 0 Simbad
237 J073655.75-575735.9 114.23228 -57.95997 18.14 17.59 AAT-Jan 57777.7 13.9 72.53 1.1 "" "" "" "" 0 Simbad
238 J073655.75-575735.9 114.23228 -57.95997 18.14 17.59 IMACS-Car2Mask2 57778.3 15.8 69.56 1.34 "" "" "" "" 0 Simbad
239 J073656.86-580836.9 114.23692 -58.14359 17.34 16.8 VLT-Feb 57811.1 50.2 48.92 0.98 "" "" "" "" 0 Simbad
240 J073657.25-580500.1 114.23852 -58.08337 18.91 18.47 VLT-Feb 57811.1 21.8 34.93 1.32 "" "" "" "" 0 Simbad
241 J073659.55-575908.2 114.24813 -57.98562 17.02 16.44 VLT-Feb 57811.1 68.2 58.86 0.94 "" "" "" "" 0 Simbad
242 J073659.69-575923.8 114.2487 -57.98994 18.85 18.39 IMACS-Car2Mask2 57778.3 7.8 1.16 1.64 "" "" "" "" 0 Simbad
243 J073700.74-574851.3 114.25308 -57.81426 19.62 19.05 VLT-Feb 57811.1 11.3 54.1 1.88 "" "" "" "" 0 Simbad
244 J073702.54-580102.2 114.26058 -58.01729 17.93 17.32 AAT-Jan 57777.7 16.6 -20.44 0.92 "" "" "" "" 0 Simbad
245 J073702.54-580102.2 114.26058 -58.01729 17.93 17.32 IMACS-Car2Mask2 57778.3 19.2 -21.49 1.18 "" "" "" "" 0 Simbad
246 J073702.54-580102.2 114.26058 -58.01729 17.93 17.32 VLT-Feb 57811.1 44.7 -19.31 0.99 "" "" "" "" 0 Simbad
247 J073702.88-575625.6 114.26199 -57.94045 19.34 18.77 AAT-Jan 57777.7 6.1 38.17 2.3 "" "" "" "" 0 Simbad
248 J073702.88-575625.6 114.26199 -57.94045 19.34 18.77 IMACS-Car2Mask2 57778.3 5.7 40.53 2.38 "" "" "" "" 0 Simbad
249 J073703.72-574228.0 114.26548 -57.70777 14.96 14.21 AAT-Jan 57777.7 101.2 66.03 0.52 "" "" "" "" 0 Simbad
250 J073703.72-574228.0 114.26548 -57.70777 14.96 14.21 AAT-May 57902.4 61.8 65.66 0.54 "" "" "" "" 0 Simbad
251 J073704.28-581638.6 114.26784 -58.27738 15.88 15.14 AAT-Jan 57777.7 61.2 29.04 0.55 "" "" "" "" 0 Simbad
252 J073704.28-581638.6 114.26784 -58.27738 15.88 15.14 AAT-May 57902.4 36.0 28.6 0.62 "" "" "" "" 0 Simbad
253 J073704.37-580758.7 114.2682 -58.13296 18.27 17.73 VLT-Feb 57811.1 34.1 91.52 1.07 "" "" "" "" 0 Simbad
254 J073705.19-580519.4 114.27161 -58.08872 18.29 17.88 AAT-Jan 57777.7 15.0 116.91 1.06 "" "" "" "" 0 Simbad
255 J073705.19-580519.4 114.27161 -58.08872 18.29 17.88 AAT-May 57902.4 4.4 122.26 3.14 "" "" "" "" 0 Simbad
256 J073705.52-574945.9 114.273 -57.82941 18.24 17.92 AAT-Jan 57777.7 9.5 78.56 2.33 "" "" "" "" 0 Simbad
257 J073705.52-574945.9 114.273 -57.82941 18.24 17.92 AAT-May 57902.4 5.1 82.74 2.98 "" "" "" "" 0 Simbad
258 J073705.64-581257.0 114.27349 -58.21585 18.24 17.88 AAT-Jan 57777.7 12.1 80.32 1.22 "" "" "" "" 0 Simbad
259 J073705.64-581257.0 114.27349 -58.21585 18.24 17.88 AAT-May 57902.4 4.8 83.64 3.59 "" "" "" "" 0 Simbad
260 J073705.94-575040.1 114.27475 -57.84447 16.65 15.71 AAT-Jan 57777.7 48.1 161.6 0.57 "" "" "" "" 0 Simbad
261 J073705.94-575040.1 114.27475 -57.84447 16.65 15.71 AAT-May 57902.4 28.2 161.92 0.57 "" "" "" "" 0 Simbad
262 J073707.63-580042.7 114.28179 -58.01185 19.38 18.85 IMACS-Car2Mask2 57778.3 5.1 72.31 3.16 "" "" "" "" 0 Simbad
263 J073707.65-575522.1 114.28187 -57.92281 18.94 18.38 AAT-Jan 57777.7 7.3 32.21 2.52 "" "" "" "" 0 Simbad
264 J073707.65-575522.1 114.28187 -57.92281 18.94 18.38 VLT-Feb 57811.1 21.2 29.34 1.28 "" "" "" "" 0 Simbad
265 J073707.65-575522.1 114.28187 -57.92281 18.94 18.38 AAT-May 57902.4 3.8 27.46 4.07 "" "" "" "" 0 Simbad
266 J073707.82-575137.6 114.2826 -57.86044 17.64 17.1 VLT-Feb 57811.1 35.7 57.19 1.04 "" "" "" "" 0 Simbad
267 J073708.48-575436.4 114.28533 -57.91011 19.23 18.75 VLT-Feb 57811.1 17.1 147.92 1.55 "" "" "" "" 0 Simbad
268 J073708.78-574601.7 114.28656 -57.76714 19.81 19.42 VLT-Feb 57811.1 8.2 184.27 3.05 "" "" "" "" 0 Simbad
269 J073710.93-575607.4 114.29554 -57.93538 18.31 17.7 AAT-Jan 57777.7 9.3 28.51 1.55 "" "" "" "" 0 Simbad
270 J073710.93-575607.4 114.29554 -57.93538 18.31 17.7 VLT-Feb 57811.1 35.7 26.13 0.98 "" "" "" "" 0 Simbad
271 J073711.73-574759.4 114.29888 -57.79982 19.28 18.76 AAT-Jan 57777.7 5.5 157.79 3.01 "" "" "" "" 0 Simbad
272 J073711.73-574759.4 114.29888 -57.79982 19.28 18.76 VLT-Feb 57811.1 16.0 160.37 1.56 "" "" "" "" 0 Simbad
273 J073711.96-580114.2 114.29983 -58.02061 19.96 19.52 VLT-Feb 57811.1 10.8 163.79 2.17 "" "" "" "" 0 Simbad
274 J073712.39-580345.1 114.30163 -58.06251 19.31 18.81 AAT-Jan 57777.7 6.4 60.43 2.64 "" "" "" "" 0 Simbad
275 J073712.39-580345.1 114.30163 -58.06251 19.31 18.81 VLT-Feb 57811.1 17.4 57.03 1.52 "" "" "" "" 0 Simbad
276 J073714.00-575924.0 114.30835 -57.99 16.6 15.96 VLT-Feb 57811.1 87.0 135.89 0.92 "" "" "" "" 0 Simbad
277 J073714.94-575021.4 114.31225 -57.83929 19.47 18.95 AAT-Jan 57777.7 5.2 74.84 3.08 "" "" "" "" 0 Simbad
278 J073714.94-575021.4 114.31225 -57.83929 19.46 18.95 VLT-Feb 57811.1 13.9 82.06 1.71 "" "" "" "" 0 Simbad
279 J073715.08-580107.9 114.31285 -58.01886 19.29 18.86 IMACS-Car2Mask2 57778.3 4.7 21.88 4.09 "" "" "" "" 0 Simbad
280 J073715.92-580659.8 114.31635 -58.11662 18.23 17.54 VLT-Feb 57811.1 39.5 -8.27 1.0 "" "" "" "" 0 Simbad
281 J073716.27-580106.5 114.31779 -58.01846 18.86 18.35 AAT-Jan 57777.7 10.2 116.32 1.36 "" "" "" "" 0 Simbad
282 J073716.27-580106.5 114.31779 -58.01846 18.86 18.35 IMACS-Car2Mask2 57778.3 7.2 116.02 2.02 "" "" "" "" 0 Simbad
283 J073716.27-580106.5 114.31779 -58.01846 18.86 18.35 VLT-Feb 57811.1 26.3 116.59 1.23 "" "" "" "" 0 Simbad
284 J073717.11-575754.2 114.32129 -57.96505 18.53 18.07 VLT-Feb 57811.1 27.8 42.3 1.12 "" "" "" "" 0 Simbad
285 J073719.40-575352.0 114.33083 -57.89777 18.28 17.93 AAT-Jan 57777.7 11.8 22.92 1.59 "" "" "" "" 0 Simbad
286 J073720.91-575851.3 114.33711 -57.9809 19.79 19.31 VLT-Feb 57811.1 11.5 153.63 4.54 "" "" "" "" 0 Simbad
287 J073721.21-575005.3 114.33837 -57.8348 19.49 19.02 VLT-Feb 57811.1 12.5 18.13 1.96 "" "" "" "" 0 Simbad
288 J073721.50-580118.0 114.33957 -58.02166 18.33 17.81 IMACS-Car2Mask2 57778.3 10.6 70.52 1.48 "" "" "" "" 0 Simbad
289 J073721.50-580118.0 114.33957 -58.02166 18.33 17.81 VLT-Feb 57811.1 33.6 71.65 1.06 "" "" "" "" 0 Simbad
290 J073722.06-580421.6 114.34191 -58.07265 20.02 19.61 VLT-Feb 57811.1 10.6 112.9 2.19 "" "" "" "" 0 Simbad
