data/li2018/table4.csv
# %ECSV 1.0
# ---
# datatype:
# - name: recno
#   datatype: int32
#   description: Record number assigned by the VizieR team. Should Not be used for identification.
#   meta: !!omap
#   - {ucd: RECORD}
#   - {width: 8}
# - name: MagLiteS
#   datatype: string
#   description: Original MAGLITES identifier (JHHMMSS.ss+DDMMSS.s)
#   meta: !!omap
#   - {ucd: ID_MAIN}
#   - {_votable_string_dtype: char}
# - name: RAJ2000
#   unit: deg
#   datatype: float64
#   format: '{:9.5f}'
#   description: '[113.2/115] Right Ascension (J2000)'
#   meta: !!omap
#   - {ucd: POS_EQ_RA_MAIN}
#   - {width: 9}
#   - {precision: '5'}
# - name: DEJ2000
#   unit: deg
#   datatype: float64
#   format: '{:9.5f}'
#   description: '[-58.4/-57.3] Declination (J2000)'
#   meta: !!omap
#   - {ucd: POS_EQ_DEC_MAIN}
#   - {width: 9}
#   - {precision: '5'}
# - name: g0mag
#   unit: mag
#   datatype: float32
#   format: '{:5.2f}'
#   description: '[14.6/20.3] Dereddened DECam g band magnitude (1)'
#   meta: !!omap
#   - {ucd: PHOT_SDSS_G}
#   - {width: 5}
#   - {precision: '2'}
# - name: r0mag
#   unit: mag
#   datatype: float32
#   format: '{:5.2f}'
#   description: '[13.9/20] Dereddened DECam r band magnitude (1)'
#   meta: !!omap
#   - {ucd: PHOT_SDSS_R}
#   - {width: 5}
#   - {precision: '2'}
# - name: Inst
#   datatype: string
#   description: Instrument/Masks used
#   meta: !!omap
#   - {ucd: INST_ID}
#   - {_votable_string_dtype: char}
#   - {_votable_arraysize: 18*}
# - name: MJD
#   unit: d
#   datatype: float32
#   format: '{:7.1f}'
#   description: '[57777.7/57902.4] Modified Julian Date; JD-2400000.5'
#   meta: !!omap
#   - {ucd: TIME_DATE}
#   - {width: 7}
#   - {precision: '1'}
# - name: S/N
#   datatype: float32
#   format: '{:5.1f}'
#   description: '[3.2/110.8] Spectra signal-to-noise'
#   meta: !!omap
#   - {ucd: INST_S/N}
#   - {width: 5}
#   - {precision: '1'}
# - name: HRV
#   unit: km / s
#   datatype: float32
#   format: '{:6.2f}'
#   description: '[-21.5/499] Heliocentric radial velocity'
#   meta: !!omap
#   - {ucd: VELOC_HC}
#   - {width: 6}
#   - {precision: '2'}
# - name: e_HRV
#   unit: km / s
#   datatype: float32
#   format: '{:5.2f}'
#   description: '[0.5/15] Uncertainty in HRV'
#   meta: !!omap
#   - {ucd: ERROR}
#   - {width: 5}
#   - {precision: '2'}
# - name: EW
#   unit: 0.1 nm
#   datatype: float32
#   format: '{:7.2f}'
#   description: '[1.7/5.2]? Equivalent width, calcium triplet, in Angstrom units'
#   meta: !!omap
#   - {ucd: SPECT_EQ-WIDTH}
#   - {width: 7}
#   - {precision: '2'}
#   - values: {'null': .nan}
# - name: e_EW
#   unit: 0.1 nm
#   datatype: float32
#   format: '{:7.2f}'
#   description: '[0.2/0.9]? Uncertainty in EW'
#   meta: !!omap
#   - {ucd: ERROR}
#   - {width: 7}
#   - {precision: '2'}
#   - values: {'null': .nan}
# - name: '[Fe/H]'
#   unit: log(Sun)
#   datatype: float32
#   format: '{:8.2f}'
#   description: '[-2.8/-1.9]? Metallicity'
#   meta: !!omap
#   - {ucd: PHYS_ABUND_FE/H}
#   - {width: 8}
#   - {precision: '2'}
#   - values: {'null': .nan}
# - name: e_[Fe/H]
#   unit: log(Sun)
#   datatype: float32
#   format: '{:7.2f}'
#   description: '[0.1/0.5]? Uncertainty in [Fe/H]'
#   meta: !!omap
#   - {ucd: ERROR}
#   - {width: 7}
#   - {precision: '2'}
#   - values: {'null': .nan}
# - name: Mm
#   datatype: uint8
#   description: '[0/3]? Membership (2)'
#   meta: !!omap
#   - {ucd: CODE_MEMB}
#   - {width: 1}
#   - values: {'null': 255}
# - name: Simbad
#   datatype: string
#   description: Simbad column added by the CDS
#   meta: !!omap
#   - {ucd: DATA_LINK}
#   - {_votable_string_dtype: char}
#   - {_votable_arraysize: 6*}
# meta: !!omap
# - {ID: J_ApJ_857_145_table4}
# - {name: J/ApJ/857/145/table4}
# - {description: Velocity and metallicity measurements}
# schema: astropy-2.0
recno MagLiteS RAJ2000 DEJ2000 g0mag r0mag Inst MJD S/N HRV e_HRV EW e_EW [Fe/H] e_[Fe/H] Mm Simbad
[from data line 291]
292 J073722.87-580617.9 114.34528 -58.10498 20.1 19.67 VLT-Feb 57811.1 9.5 84.76 2.35 "" "" "" "" 0 Simbad
293 J073723.04-580254.6 114.34599 -58.0485 20.23 19.87 VLT-Feb 57811.1 8.7 124.35 2.87 "" "" "" "" 0 Simbad
294 J073723.91-575635.5 114.34962 -57.94319 19.42 18.97 VLT-Feb 57811.1 14.3 102.26 1.98 "" "" "" "" 0 Simbad
295 J073724.33-574919.1 114.35137 -57.82198 18.8 18.34 VLT-Feb 57811.1 19.2 25.93 1.37 "" "" "" "" 0 Simbad
296 J073726.01-580609.1 114.35837 -58.10254 18.53 18.01 VLT-Feb 57811.1 29.1 35.48 1.1 "" "" "" "" 0 Simbad
297 J073726.74-575425.4 114.36143 -57.90707 18.21 17.87 AAT-Jan 57777.7 6.8 46.91 2.2 "" "" "" "" 0 Simbad
298 J073727.78-580544.9 114.36576 -58.0958 19.73 19.22 AAT-Jan 57777.7 4.7 85.87 4.35 "" "" "" "" 0 Simbad
299 J073730.96-580637.0 114.37901 -58.11028 19.83 19.39 VLT-Feb 57811.1 9.7 71.77 2.48 "" "" "" "" 0 Simbad
300 J073731.13-572341.8 114.3797 -57.39494 15.81 14.91 AAT-Jan 57777.7 70.3 63.33 0.53 "" "" "" "" 0 Simbad
301 J073731.13-572341.8 114.3797 -57.39494 15.81 14.91 AAT-May 57902.4 54.2 63.37 0.55 "" "" "" "" 0 Simbad
302 J073733.09-581241.0 114.38787 -58.21139 18.25 17.88 AAT-Jan 57777.7 11.5 17.94 2.05 "" "" "" "" 0 Simbad
303 J073733.74-575945.7 114.39056 -57.99603 18.23 17.88 AAT-Jan 57777.7 12.1 -5.36 1.24 "" "" "" "" 0 Simbad
304 J073734.29-580132.2 114.39289 -58.02562 19.29 18.73 AAT-Jan 57777.7 7.3 20.85 2.09 "" "" "" "" 0 Simbad
305 J073734.29-580132.2 114.39289 -58.02562 19.29 18.73 VLT-Feb 57811.1 20.2 20.38 1.29 "" "" "" "" 0 Simbad
306 J073737.92-574940.6 114.40801 -57.82794 19.01 18.56 VLT-Feb 57811.1 18.0 86.9 1.44 "" "" "" "" 0 Simbad
307 J073738.76-575001.0 114.4115 -57.8336 17.73 17.13 IMACS-Car3Mask1 57778.2 27.0 41.94 1.08 "" "" "" "" 0 Simbad
308 J073740.73-580432.3 114.41971 -58.07563 18.77 18.3 VLT-Feb 57811.1 25.6 21.15 1.18 "" "" "" "" 0 Simbad
309 J073743.33-575042.4 114.43055 -57.8451 19.93 19.46 IMACS-Car3Mask1 57778.2 3.9 80.63 3.05 "" "" "" "" 0 Simbad
310 J073743.86-574740.2 114.43275 -57.79451 18.26 17.92 AAT-Jan 57777.7 12.2 80.06 1.33 "" "" "" "" 0 Simbad
311 J073745.03-575923.1 114.43761 -57.98974 19.74 19.22 AAT-Jan 57777.7 4.5 132.37 6.43 "" "" "" "" 0 Simbad
312 J073748.11-575313.3 114.45046 -57.88702 18.29 17.94 AAT-May 57902.4 4.1 73.95 5.55 "" "" "" "" 0 Simbad
313 J073751.53-574902.5 114.46471 -57.81736 19.45 19.0 IMACS-Car3Mask1 57778.2 7.0 134.7 2.09 "" "" "" "" 0 Simbad
314 J073753.02-572355.9 114.4709 -57.39887 15.49 14.69 AAT-Jan 57777.7 70.5 126.27 0.53 "" "" "" "" 0 Simbad
315 J073753.02-572355.9 114.4709 -57.39887 15.49 14.69 AAT-May 57902.4 59.7 126.22 0.54 "" "" "" "" 0 Simbad
316 J073753.38-575541.8 114.4724 -57.92827 19.47 18.92 VLT-Feb 57811.1 14.2 118.27 1.84 "" "" "" "" 0 Simbad
317 J073755.57-575439.9 114.48154 -57.9111 16.85 16.06 VLT-Feb 57811.1 82.7 30.1 0.93 "" "" "" "" 0 Simbad
318 J073756.73-573516.0 114.48637 -57.58779 14.64 13.92 AAT-Jan 57777.7 96.3 61.79 0.52 "" "" "" "" 0 Simbad
319 J073756.73-573516.0 114.48637 -57.58779 14.64 13.92 AAT-May 57902.4 73.3 61.54 0.53 "" "" "" "" 0 Simbad
320 J073756.82-575125.8 114.48676 -57.85718 17.76 17.7 IMACS-Car3Mask1 57778.2 15.0 77.5 1.3 "" "" "" "" 0 Simbad
321 J073759.02-580047.4 114.49593 -58.01317 18.54 18.05 VLT-Feb 57811.1 27.0 -7.37 1.16 "" "" "" "" 0 Simbad
322 J073759.09-580222.9 114.4962 -58.0397 19.51 19.02 VLT-Feb 57811.1 15.7 147.01 1.54 "" "" "" "" 0 Simbad
323 J073759.92-574603.5 114.49965 -57.76765 19.14 18.57 VLT-Feb 57811.1 16.2 100.93 1.64 "" "" "" "" 0 Simbad
324 J073800.00-572511.7 114.50001 -57.41992 15.27 14.54 AAT-Jan 57777.7 76.6 70.65 0.53 "" "" "" "" 0 Simbad
325 J073800.00-572511.7 114.50001 -57.41992 15.27 14.54 AAT-May 57902.4 41.3 70.27 0.62 "" "" "" "" 0 Simbad
326 J073800.24-580255.3 114.50099 -58.0487 18.57 18.07 VLT-Feb 57811.1 25.4 96.65 1.26 "" "" "" "" 0 Simbad
327 J073802.13-574849.8 114.50888 -57.81383 17.76 17.52 IMACS-Car3Mask1 57778.2 18.1 49.06 1.14 "" "" "" "" 0 Simbad
328 J073803.56-575305.8 114.51483 -57.88493 18.23 17.56 VLT-Feb 57811.1 35.8 -0.55 1.04 "" "" "" "" 0 Simbad
329 J073803.71-575014.4 114.51547 -57.83732 20.04 19.5 IMACS-Car3Mask1 57778.2 3.9 37.56 3.79 "" "" "" "" 0 Simbad
330 J073807.30-575324.4 114.53043 -57.89012 17.64 17.0 VLT-Feb 57811.1 49.5 -1.54 0.99 "" "" "" "" 0 Simbad
331 J073807.59-575437.7 114.53164 -57.91047 19.89 19.47 VLT-Feb 57811.1 9.4 158.68 2.89 "" "" "" "" 0 Simbad
332 J073808.62-574927.0 114.53591 -57.82416 16.43 15.77 IMACS-Car3Mask1 57778.2 62.7 49.7 1.01 "" "" "" "" 0 Simbad
333 J073810.73-580149.4 114.54472 -58.03038 18.61 17.96 VLT-Feb 57811.1 31.1 66.47 1.1 "" "" "" "" 0 Simbad
334 J073812.53-575141.0 114.55223 -57.8614 18.02 17.29 AAT-Jan 57777.7 16.8 28.06 0.88 "" "" "" "" 0 Simbad
335 J073812.53-575141.0 114.55223 -57.8614 18.02 17.29 IMACS-Car3Mask1 57778.2 29.7 29.48 1.06 "" "" "" "" 0 Simbad
336 J073812.73-575156.6 114.55303 -57.86572 20.08 19.63 VLT-Feb 57811.1 7.6 136.84 3.03 "" "" "" "" 0 Simbad
337 J073813.05-575110.0 114.55438 -57.85277 20.1 19.49 IMACS-Car3Mask1 57778.2 5.0 42.26 2.86 "" "" "" "" 0 Simbad
338 J073813.52-574205.3 114.55632 -57.70148 18.19 17.92 AAT-Jan 57777.7 9.4 109.03 1.5 "" "" "" "" 0 Simbad
339 J073814.83-580242.3 114.5618 -58.04509 19.32 18.74 VLT-Feb 57811.1 19.2 107.43 1.41 "" "" "" "" 0 Simbad
340 J073816.43-575447.5 114.56845 -57.91319 17.54 17.28 IMACS-Car3Mask1 57778.2 23.4 15.99 1.1 "" "" "" "" 0 Simbad
341 J073821.70-581145.8 114.5904 -58.19605 15.74 14.98 AAT-Jan 57777.7 72.5 96.61 0.53 "" "" "" "" 0 Simbad
342 J073821.70-581145.8 114.5904 -58.19605 15.74 14.98 AAT-May 57902.4 43.1 97.93 0.51 "" "" "" "" 0 Simbad
343 J073822.01-575236.1 114.5917 -57.87669 19.35 18.78 VLT-Feb 57811.1 16.0 13.83 1.6 "" "" "" "" 0 Simbad
344 J073822.30-575347.5 114.59292 -57.89652 19.51 18.95 VLT-Feb 57811.1 10.3 63.62 2.19 "" "" "" "" 0 Simbad
345 J073822.89-575728.5 114.59536 -57.95792 19.02 18.47 AAT-Jan 57777.7 5.3 69.97 2.54 "" "" "" "" 0 Simbad
346 J073823.03-574903.9 114.59595 -57.81774 17.37 16.74 IMACS-Car3Mask1 57778.2 39.0 16.17 1.03 "" "" "" "" 0 Simbad
347 J073824.82-575211.8 114.60342 -57.86993 19.56 19.03 IMACS-Car3Mask1 57778.2 6.1 125.63 2.71 "" "" "" "" 0 Simbad
348 J073824.82-575211.8 114.60342 -57.86993 19.56 19.03 VLT-Feb 57811.1 14.4 119.84 1.67 "" "" "" "" 0 Simbad
349 J073825.80-575404.3 114.6075 -57.9012 19.39 18.86 AAT-Jan 57777.7 5.1 73.17 2.89 "" "" "" "" 0 Simbad
350 J073825.80-575404.3 114.6075 -57.9012 19.39 18.86 VLT-Feb 57811.1 14.9 76.76 1.86 "" "" "" "" 0 Simbad
351 J073825.94-580403.6 114.60807 -58.06765 15.39 14.66 AAT-Jan 57777.7 79.7 19.48 0.53 "" "" "" "" 0 Simbad
352 J073825.94-580403.6 114.60807 -58.06765 15.39 14.66 AAT-May 57902.4 40.2 19.56 0.59 "" "" "" "" 0 Simbad
353 J073826.05-580046.3 114.60854 -58.01285 18.53 18.08 VLT-Feb 57811.1 25.5 -2.55 1.16 "" "" "" "" 0 Simbad
354 J073827.06-580231.7 114.61275 -58.04214 19.56 19.12 VLT-Feb 57811.1 12.1 131.34 2.04 "" "" "" "" 0 Simbad
355 J073827.82-575611.7 114.6159 -57.93657 18.5 17.99 IMACS-Car3Mask1 57778.2 11.3 38.72 1.64 "" "" "" "" 0 Simbad
356 J073828.31-575105.1 114.61796 -57.85142 19.7 19.15 IMACS-Car3Mask1 57778.2 5.1 16.9 3.4 "" "" "" "" 0 Simbad
357 J073829.34-575541.5 114.62225 -57.9282 17.64 16.92 VLT-Feb 57811.1 44.3 55.13 0.98 "" "" "" "" 0 Simbad
358 J073829.38-575300.5 114.62242 -57.88348 18.38 17.89 IMACS-Car3Mask1 57778.2 15.0 75.56 1.26 "" "" "" "" 0 Simbad
359 J073829.38-575300.5 114.62242 -57.88348 18.38 17.89 VLT-Feb 57811.1 26.7 75.54 1.18 "" "" "" "" 0 Simbad
360 J073830.29-574819.3 114.62622 -57.80537 18.68 18.17 IMACS-Car3Mask1 57778.2 10.8 72.26 1.98 "" "" "" "" 0 Simbad
361 J073833.02-575301.9 114.63758 -57.88386 18.5 17.87 AAT-Jan 57777.7 7.7 -4.28 2.42 "" "" "" "" 0 Simbad
362 J073833.02-575301.9 114.63758 -57.88386 18.5 17.87 IMACS-Car3Mask1 57778.2 18.9 -3.98 1.13 "" "" "" "" 0 Simbad
363 J073833.02-575301.9 114.63758 -57.88386 18.5 17.87 VLT-Feb 57811.1 27.8 -3.27 1.1 "" "" "" "" 0 Simbad
364 J073834.28-581326.8 114.64282 -58.22412 18.19 17.89 AAT-Jan 57777.7 13.6 90.61 1.27 "" "" "" "" 0 Simbad
365 J073834.52-575112.0 114.64382 -57.85333 19.81 19.3 IMACS-Car3Mask1 57778.2 5.4 117.44 3.08 "" "" "" "" 0 Simbad
366 J073834.52-575112.0 114.64382 -57.85333 19.81 19.3 VLT-Feb 57811.1 8.9 117.19 2.17 "" "" "" "" 0 Simbad
367 J073837.32-575910.9 114.65549 -57.98636 19.47 18.84 VLT-Feb 57811.1 18.3 11.59 1.36 "" "" "" "" 0 Simbad
368 J073838.26-575338.1 114.65942 -57.89391 19.94 19.32 IMACS-Car3Mask1 57778.2 5.3 45.65 2.37 "" "" "" "" 0 Simbad
369 J073839.27-575511.3 114.66363 -57.9198 19.73 19.28 VLT-Feb 57811.1 8.5 39.97 2.69 "" "" "" "" 0 Simbad
370 J073839.74-575730.9 114.66559 -57.95858 17.79 17.16 IMACS-Car3Mask1 57778.2 24.3 80.51 1.09 "" "" "" "" 0 Simbad
371 J073839.74-575730.9 114.66559 -57.95858 17.79 17.16 VLT-Feb 57811.1 41.2 79.44 1.01 "" "" "" "" 0 Simbad
372 J073840.18-575044.3 114.66741 -57.84563 18.7 18.24 IMACS-Car3Mask1 57778.2 13.2 -8.83 1.28 "" "" "" "" 0 Simbad
373 J073842.56-575555.8 114.67733 -57.93216 19.03 18.5 IMACS-Car3Mask1 57778.2 10.7 122.42 1.47 "" "" "" "" 0 Simbad
374 J073842.56-575555.8 114.67733 -57.93216 19.03 18.5 VLT-Feb 57811.1 16.2 120.15 1.52 "" "" "" "" 0 Simbad
375 J073842.92-575538.7 114.67882 -57.92741 19.65 19.05 IMACS-Car3Mask1 57778.2 7.0 21.97 1.9 "" "" "" "" 0 Simbad
376 J073843.07-575803.3 114.67946 -57.96758 19.36 18.82 IMACS-Car3Mask1 57778.2 7.8 87.23 1.83 "" "" "" "" 0 Simbad
377 J073843.07-575803.3 114.67946 -57.96758 19.36 18.82 VLT-Feb 57811.1 14.3 87.42 1.76 "" "" "" "" 0 Simbad
378 J073843.28-574930.9 114.68033 -57.82524 19.74 19.31 VLT-Feb 57811.1 7.5 69.22 2.82 "" "" "" "" 0 Simbad
379 J073844.29-580841.7 114.68454 -58.14492 17.22 17.27 AAT-Jan 57777.7 18.9 64.71 2.73 "" "" "" "" 0 Simbad
380 J073844.29-580841.7 114.68454 -58.14492 17.22 17.27 AAT-May 57902.4 5.9 88.51 7.42 "" "" "" "" 0 Simbad
381 J073846.73-575440.1 114.69472 -57.91113 19.08 18.55 VLT-Feb 57811.1 15.3 26.34 1.64 "" "" "" "" 0 Simbad
382 J073847.38-575557.6 114.69743 -57.93267 18.52 17.91 AAT-Jan 57777.7 9.2 1.79 1.73 "" "" "" "" 0 Simbad
383 J073847.38-575557.6 114.69743 -57.93267 18.52 17.91 VLT-Feb 57811.1 27.0 2.72 1.13 "" "" "" "" 0 Simbad
384 J073848.21-575421.5 114.70088 -57.90598 18.44 17.96 IMACS-Car3Mask1 57778.2 16.6 10.21 1.19 "" "" "" "" 0 Simbad
385 J073849.10-580009.8 114.7046 -58.00272 18.09 17.56 IMACS-Car3Mask1 57778.2 17.1 36.4 1.43 "" "" "" "" 0 Simbad
386 J073849.43-580405.7 114.70598 -58.06826 18.68 18.1 VLT-Feb 57811.1 21.3 39.22 1.24 "" "" "" "" 0 Simbad
387 J073850.59-575733.7 114.71078 -57.95937 19.29 18.88 IMACS-Car3Mask1 57778.2 7.3 92.46 2.27 "" "" "" "" 0 Simbad
388 J073851.67-580351.6 114.71529 -58.06434 19.42 18.89 VLT-Feb 57811.1 11.4 84.16 1.97 "" "" "" "" 0 Simbad
389 J073852.43-575533.1 114.71845 -57.92585 19.02 18.57 IMACS-Car3Mask1 57778.2 9.4 55.38 1.62 "" "" "" "" 0 Simbad
390 J073854.06-575844.3 114.72525 -57.97899 18.85 18.2 VLT-Feb 57811.1 19.1 23.46 1.32 "" "" "" "" 0 Simbad
391 J073855.51-575748.8 114.73128 -57.96356 17.86 17.63 IMACS-Car3Mask1 57778.2 18.3 55.93 1.16 "" "" "" "" 0 Simbad
392 J073856.87-575800.9 114.73694 -57.9669 18.68 18.21 IMACS-Car3Mask1 57778.2 12.4 61.59 1.4 "" "" "" "" 0 Simbad
393 J073857.31-575128.4 114.73878 -57.8579 19.48 19.02 IMACS-Car3Mask1 57778.2 6.9 70.69 1.86 "" "" "" "" 0 Simbad
394 J073858.85-575700.1 114.74522 -57.95002 19.57 19.13 IMACS-Car3Mask1 57778.2 5.7 65.5 2.65 "" "" "" "" 0 Simbad
395 J073858.98-580008.2 114.74576 -58.00228 18.23 17.9 AAT-Jan 57777.7 10.1 53.6 1.76 "" "" "" "" 0 Simbad
396 J073858.98-580008.2 114.74576 -58.00228 18.23 17.9 AAT-May 57902.4 4.2 49.1 3.11 "" "" "" "" 0 Simbad
397 J073859.03-574049.1 114.74598 -57.68029 15.02 14.32 AAT-Jan 57777.7 81.1 82.62 0.52 "" "" "" "" 0 Simbad
398 J073859.03-574049.1 114.74598 -57.68029 15.02 14.32 AAT-May 57902.4 51.6 76.0 0.56 "" "" "" "" 0 Simbad
399 J073901.20-575851.9 114.755 -57.98108 19.24 18.84 IMACS-Car3Mask1 57778.2 6.8 149.35 2.01 "" "" "" "" 0 Simbad
400 J073903.00-575357.4 114.76251 -57.89926 18.64 18.12 IMACS-Car3Mask1 57778.2 16.6 5.29 1.6 "" "" "" "" 0 Simbad
401 J073903.30-575724.9 114.76374 -57.95691 18.32 17.65 VLT-Feb 57811.1 17.2 15.66 1.39 "" "" "" "" 0 Simbad
402 J073904.63-575506.4 114.76927 -57.91845 17.17 16.61 IMACS-Car3Mask1 57778.2 39.8 8.69 1.03 "" "" "" "" 0 Simbad
403 J073904.66-575910.1 114.7694 -57.98614 18.58 18.16 VLT-Feb 57811.1 16.5 45.71 1.51 "" "" "" "" 0 Simbad
404 J073905.24-575407.9 114.77184 -57.9022 19.14 18.68 IMACS-Car3Mask1 57778.2 8.0 43.14 2.13 "" "" "" "" 0 Simbad
405 J073915.65-575619.4 114.81521 -57.93871 18.55 18.01 IMACS-Car3Mask1 57778.2 16.6 157.84 1.33 "" "" "" "" 0 Simbad
406 J073921.94-580241.6 114.8414 -58.04488 17.95 17.42 AAT-Jan 57777.7 18.7 148.33 0.89 "" "" "" "" 0 Simbad
407 J073921.94-580241.6 114.8414 -58.04488 17.95 17.42 AAT-May 57902.4 8.9 148.95 1.67 "" "" "" "" 0 Simbad
