data/walker2009/tables.csv
# %ECSV 1.0
# ---
# datatype:
# - name: Target
#   datatype: string
#   description: Target identification; Galaxy-ID number
#   meta: !!omap
#   - {ucd: ID_MAIN}
#   - {_votable_string_dtype: char}
# - name: Field
#   datatype: string
#   description: Field and spectrograph channel (B=blue, R=red)
#   meta: !!omap
#   - {ucd: ID_FIELD}
#   - {_votable_string_dtype: char}
# - name: HJD
#   unit: d
#   datatype: float64
#   format: '{:8.3f}'
#   description: Heliocentric Julian Date minus 2450000 of obs.
#   meta: !!omap
#   - {ucd: TIME_DATE}
#   - {width: 8}
#   - {precision: '3'}
# - name: HV
#   unit: km / s
#   datatype: float32
#   format: '{:6.1f}'
#   description: Heliocentric rest frame velocity
#   meta: !!omap
#   - {ucd: VELOC_HC}
#   - {width: 6}
#   - {precision: '1'}
# - name: e_HV
#   unit: km / s
#   datatype: float32
#   format: '{:4.1f}'
#   description: Uncertainty in HV
#   meta: !!omap
#   - {ucd: ERROR}
#   - {width: 4}
#   - {precision: '1'}
# - name: SigFe
#   unit: 0.1 nm
#   datatype: float32
#   format: '{:5.2f}'
#   description: '? The {Sigma}Fe spectral index ({AA})'
#   meta: !!omap
#   - {ucd: SPECT_INDEX_MISC}
#   - {width: 5}
#   - {precision: '2'}
#   - values: {'null': .nan}
# - name: e_SigFe
#   unit: 0.1 nm
#   datatype: float32
#   format: '{:5.2f}'
#   description: '? Uncertainty in SigFe ({AA})'
#   meta: !!omap
#   - {ucd: SPECT_INDEX_MISC}
#   - {width: 5}
#   - {precision: '2'}
#   - values: {'null': .nan}
# - name: SigMg
#   unit: 0.1 nm
#   datatype: float32
#   format: '{:5.2f}'
#   description: '? The {Sigma}Mg spectral index ({AA})'
#   meta: !!omap
#   - {ucd: SPECT_INDEX_MISC}
#   - {width: 5}
#   - {precision: '2'}
#   - values: {'null': .nan}
# - name: e_SigMg
#   unit: 0.1 nm
#   datatype: float32
#   format: '{:5.2f}'
#   description: '? Uncertainty in SigMg ({AA})'
#   meta: !!omap
#   - {ucd: SPECT_INDEX_MISC}
#   - {width: 5}
#   - {precision: '2'}
#   - values: {'null': .nan}
# - name: Mmb
#   datatype: float32
#   format: '{:6.3f}'
#   description: '? Probability membership'
#   meta: !!omap
#   - {ucd: CODE_MEMB}
#   - {width: 6}
#   - {precision: '3'}
#   - values: {'null': .nan}
# meta: !!omap
# - {ID: J_AJ_137_3100_tables}
# - {name: J/AJ/137/3100/tables}
# - {description: Combined table from original tables}
# schema: astropy-2.0
Target Field HJD HV e_HV SigFe e_SigFe SigMg e_SigMg Mmb
[from data line 3004]
For-0443 29B 3665.772 47.9 0.4 0.52 0.02 0.62 0.04 0.994
For-0443 47R 4684.845 50.4 1.0 0.39 0.03 0.55 0.09 ""
For-0444 29B 3665.772 57.9 0.5 0.5 0.03 0.64 0.06 0.995
For-0445 29B 3665.772 73.8 0.9 0.32 0.03 0.39 0.06 0.938
For-0445 47R 4684.845 77.9 1.5 0.3 0.03 0.29 0.09 ""
For-0446 29B 3665.772 45.5 0.5 0.56 0.03 0.57 0.07 0.992
For-0447 29B 3665.772 55.2 0.8 0.41 0.04 0.61 0.07 0.995
For-0448 29B 3665.772 45.4 0.4 0.51 0.02 0.59 0.04 0.992
For-0449 29B 3665.772 80.1 0.4 0.51 0.02 0.72 0.04 0.963
For-0450 29B 3665.772 47.8 0.4 0.54 0.02 0.64 0.05 0.994
For-0450 47R 4684.845 48.4 1.0 0.44 0.03 0.6 0.09 ""
For-0451 29B 3665.772 48.8 0.6 0.43 0.03 0.41 0.06 0.985
For-0451 47R 4684.845 48.6 1.7 0.36 0.04 0.41 0.1 ""
For-0452 29B 3665.772 71.1 0.6 0.39 0.02 0.35 0.05 0.955
For-0452 47R 4684.845 73.3 3.0 0.37 0.05 0.39 0.12 ""
For-0453 29B 3665.772 58.7 0.4 0.45 0.02 0.52 0.04 0.994
For-0454 29B 3665.772 38.5 1.5 0.29 0.03 0.33 0.06 0.921
For-0455 29B 3665.772 68.2 0.4 0.47 0.02 0.55 0.04 0.991
For-0456 29B 3665.772 41.0 0.6 0.46 0.03 0.61 0.06 0.988
For-0457 29B 3665.772 41.0 0.5 0.53 0.02 0.62 0.05 0.988
For-0458 29B 3665.772 55.5 1.9 0.46 0.07 0.51 0.14 0.992
For-0458 33B 4026.689 53.6 2.1 0.49 0.04 0.46 0.09 ""
For-0459 29B 3665.772 64.2 1.6 0.47 0.05 0.33 0.13 0.984
For-0459 33B 4026.689 71.0 5.8 0.26 0.1 0.51 0.2 ""
For-0460 29B 3665.772 63.5 1.5 0.59 0.07 0.75 0.13 0.991
For-0461 29B 3665.772 73.8 0.4 0.43 0.03 0.51 0.05 0.983
For-0462 29B 3665.772 66.9 0.8 0.41 0.03 0.39 0.07 0.979
For-0463 29B 3665.772 45.4 0.6 0.47 0.04 0.51 0.08 0.99
For-0464 29B 3665.772 42.8 0.5 0.47 0.03 0.55 0.06 0.989
For-0465 29B 3665.772 50.0 0.6 0.46 0.02 0.57 0.05 0.994
For-0466 29B 3665.772 64.7 0.8 0.44 0.04 0.5 0.08 0.993
For-0466 33B 4026.689 64.1 2.6 0.48 0.07 0.71 0.11 ""
For-0467 29B 3665.772 75.5 0.7 0.53 0.04 0.59 0.08 0.979
For-0467 33B 4026.689 74.8 1.4 0.42 0.04 0.78 0.05 ""
For-0468 29B 3665.772 41.5 1.4 0.55 0.06 0.37 0.13 0.973
For-0469 29B 3665.772 27.2 0.9 0.41 0.06 0.47 0.11 0.864
For-0470 29B 3665.772 52.3 0.5 0.51 0.03 0.64 0.06 0.994
For-0471 29B 3665.772 25.9 1.1 0.42 0.04 0.51 0.09 0.853
For-0472 29B 3665.772 63.3 0.5 0.48 0.03 0.55 0.06 0.993
For-0473 29B 3665.772 49.4 0.5 0.54 0.03 0.61 0.06 0.994
For-0474 29B 3665.772 35.3 0.8 0.35 0.03 0.41 0.06 0.944
For-0475 29B 3665.772 70.0 0.5 0.48 0.03 0.54 0.05 0.989
For-0475 81B 4024.621 71.5 1.0 0.5 0.03 0.52 0.07 ""
For-0476 29B 3665.772 53.6 0.4 0.53 0.02 0.61 0.04 0.995
For-0476 81B 4024.621 53.5 0.5 0.54 0.02 0.66 0.04 ""
For-0477 29B 3665.772 55.4 0.5 0.52 0.03 0.54 0.06 0.994
For-0477 81B 4024.621 58.2 0.9 0.52 0.03 0.49 0.06 ""
For-0478 29B 3665.772 31.6 0.7 0.35 0.03 0.36 0.07 0.852
For-0479 29B 3665.772 44.5 0.5 0.52 0.04 0.78 0.06 0.985
For-0480 29B 3665.772 57.5 0.6 0.48 0.04 0.6 0.07 0.994
For-0480 81B 4024.621 57.4 0.6 0.54 0.02 0.53 0.05 ""
For-0481 29B 3665.772 61.5 0.5 0.49 0.02 0.52 0.05 0.988
For-0481 81B 4024.621 64.0 0.5 0.49 0.02 0.56 0.05 ""
For-0482 29B 3665.772 55.6 0.5 0.47 0.03 0.63 0.06 0.99
For-0482 81B 4024.621 53.6 0.9 0.59 0.03 0.57 0.06 ""
For-0483 29B 3665.772 73.6 5.3 0.3 0.07 0.7 0.12 0.985
For-0484 29B 3665.772 65.7 0.5 0.52 0.03 0.65 0.05 0.993
For-0484 81B 4024.621 65.7 0.6 0.51 0.03 0.67 0.06 ""
For-0485 29B 3665.772 64.7 0.4 0.5 0.03 0.58 0.05 0.993
For-0485 81B 4024.621 65.2 1.6 0.63 0.03 0.45 0.08 ""
For-0486 29B 3665.772 63.0 1.4 0.54 0.07 0.57 0.16 0.992
For-0487 29B 3665.772 63.4 0.7 0.52 0.04 0.75 0.07 0.991
For-0488 29B 3665.772 34.6 0.6 0.39 0.03 0.44 0.06 0.95
For-0489 29B 3665.772 47.3 0.5 0.54 0.03 0.76 0.05 0.989
For-0490 29B 3665.772 61.7 0.6 0.44 0.03 0.62 0.07 0.994
For-0491 29B 3665.772 65.9 0.9 0.49 0.05 0.85 0.08 0.981
For-0492 29B 3665.772 39.3 1.2 0.49 0.07 0.84 0.15 0.975
For-0493 29B 3665.772 57.5 1.6 0.31 0.08 0.84 0.13 0.99
For-0494 29B 3665.772 37.5 0.7 0.6 0.03 0.67 0.08 0.98
For-0495 29B 3665.772 66.2 0.4 0.47 0.03 0.77 0.05 0.988
For-0496 29R 3665.772 61.0 12.2 "" "" 0.66 0.4 0.992
For-0496 4B 4019.683 61.0 1.8 0.46 0.07 0.8 0.11 ""
For-0497 29R 3665.772 44.9 3.5 0.36 0.05 0.48 0.11 0.99
For-0497 81B 4024.621 42.1 0.5 0.54 0.02 0.64 0.04 ""
For-0498 29R 3665.772 53.8 1.2 0.45 0.03 0.77 0.1 0.955
For-0498 81B 4024.621 53.9 0.4 0.58 0.01 0.91 0.02 ""
For-0499 29R 3665.772 57.8 5.4 0.34 0.05 0.18 0.1 0.178
For-0499 81B 4024.621 56.5 2.1 0.41 0.03 0.08 0.05 ""
For-0500 29R 3665.772 53.8 10.7 0.45 0.06 0.53 0.14 0.991
For-0501 29R 3665.772 74.9 3.3 0.4 0.07 0.55 0.13 0.983
For-0502 29R 3665.772 43.3 5.7 0.36 0.07 0.46 0.12 0.987
For-0503 29R 3665.772 60.6 3.4 0.41 0.05 0.59 0.12 0.994
For-0504 29R 3665.772 80.7 4.7 0.49 0.05 0.54 0.12 0.968
For-0505 29R 3665.772 37.8 5.1 0.35 0.05 0.33 0.12 0.982
For-0505 4R 4019.683 41.6 2.1 0.31 0.05 0.53 0.11 ""
For-0506 29R 3665.772 52.5 9.9 0.38 0.08 0.5 0.17 0.993
For-0507 29R 3665.772 39.8 2.8 0.42 0.04 0.33 0.11 0.915
For-0507 47R 4684.845 34.6 1.2 0.42 0.04 0.37 0.1 ""
For-0508 29R 3665.772 56.8 3.5 0.38 0.05 0.59 0.12 0.994
For-0509 29R 3665.772 62.6 1.7 0.41 0.04 0.69 0.1 0.994
For-0510 29R 3665.772 46.9 3.8 0.36 0.09 0.67 0.14 0.995
For-0510 47R 4684.845 52.8 0.9 0.43 0.03 0.63 0.09 ""
For-0511 29R 3665.772 53.7 2.0 0.46 0.04 0.58 0.1 0.995
For-0512 29R 3665.772 42.8 1.2 0.44 0.03 0.63 0.09 0.991
For-0513 29R 3665.772 51.9 1.4 0.38 0.04 0.71 0.1 0.994
For-0514 29R 3665.772 64.1 6.0 0.42 0.08 0.36 0.16 0.987
For-0515 29R 3665.772 52.5 7.6 "" "" 0.62 0.45 0.994
For-0515 4R 4019.683 44.7 1.8 0.47 0.05 0.56 0.12 ""
For-0515 4R 4027.679 46.2 1.2 0.47 0.05 0.55 0.11 ""
For-0516 29R 3665.772 59.8 9.1 0.28 0.07 0.33 0.14 0.977
For-0516 47R 4684.845 67.8 1.0 0.32 0.03 0.4 0.09 ""
For-0517 29R 3665.772 55.6 3.3 0.48 0.05 0.41 0.12 0.991
For-0518 29R 3665.772 58.6 1.8 0.4 0.03 0.37 0.09 0.987
For-0519 29R 3665.772 73.5 1.9 0.38 0.04 0.57 0.09 0.987
For-0520 29R 3665.772 50.1 1.7 0.48 0.04 0.68 0.1 0.994
For-0521 29R 3665.772 66.9 2.0 0.42 0.05 0.63 0.11 0.993
For-0522 29R 3665.772 69.4 5.1 0.41 0.05 0.47 0.12 0.988
For-0523 29R 3665.772 59.6 4.5 0.35 0.06 0.53 0.11 0.983
For-0523 47R 4684.845 73.0 1.0 0.39 0.02 0.47 0.08 ""
For-0524 29R 3665.772 56.4 1.6 0.44 0.04 0.81 0.1 0.993
For-0524 47R 4684.845 54.7 1.0 0.4 0.03 0.68 0.09 ""
For-0525 29R 3665.772 62.0 4.1 0.37 0.05 0.55 0.11 0.993
For-0526 29R 3665.772 67.3 1.6 0.47 0.03 0.48 0.09 0.989
For-0527 29R 3665.772 27.0 9.9 0.32 0.07 0.56 0.13 0.95
For-0528 29R 3665.772 62.5 3.8 0.36 0.09 0.77 0.12 0.991
For-0529 29R 3665.772 41.3 6.4 0.36 0.17 0.97 0.13 0.959
For-0530 29R 3665.772 53.5 11.2 0.21 0.23 0.56 0.17 0.991
For-0531 29R 3665.772 67.2 4.8 0.36 0.09 0.66 0.14 0.992
For-0532 29R 3665.772 59.6 2.7 0.35 0.05 0.6 0.11 0.993
For-0533 29R 3665.772 17.1 11.5 0.43 0.04 0.23 0.12 0.544
For-0534 29R 3665.772 55.0 3.5 0.42 0.05 0.55 0.11 0.993
For-0535 29R 3665.772 40.4 3.0 0.38 0.04 0.5 0.1 0.983
For-0536 29R 3665.772 58.3 1.4 0.37 0.04 0.65 0.1 0.994
For-0537 29R 3665.772 64.9 2.6 0.49 0.04 0.51 0.11 0.991
For-0538 29R 3665.772 50.5 7.5 0.43 0.05 0.55 0.11 0.994
For-0538 47R 4684.845 51.9 1.0 0.41 0.02 0.63 0.09 ""
For-0539 29R 3665.772 59.7 2.0 0.38 0.06 0.81 0.1 0.99
For-0540 29R 3665.772 53.9 1.6 0.41 0.04 0.71 0.1 0.993
For-0541 29R 3665.772 53.5 6.4 0.35 0.06 0.54 0.13 0.992
For-0542 29R 3665.772 77.1 1.7 0.42 0.03 0.5 0.09 0.971
For-0543 29R 3665.772 69.4 4.1 0.35 0.05 0.4 0.11 0.98
For-0544 29R 3665.772 55.4 1.4 0.47 0.04 0.72 0.1 0.993
For-0545 29R 3665.772 55.0 5.7 "" "" "" "" 0.989
For-0546 29R 3665.772 69.0 4.5 0.41 0.06 0.58 0.12 0.989
For-0547 29R 3665.772 74.4 9.5 0.51 0.09 0.61 0.16 0.987
For-0548 29R 3665.772 91.3 2.7 0.4 0.05 0.62 0.11 0.78
For-0549 29R 3665.772 51.1 8.1 0.41 0.08 0.69 0.13 0.993
For-0550 29R 3665.772 52.5 1.8 0.38 0.04 0.72 0.1 0.994
For-0550 47R 4684.845 50.6 1.0 0.43 0.03 0.65 0.09 ""
For-0551 29R 3665.772 4.5 4.7 0.26 0.07 0.65 0.11 0.044
For-0552 29R 3665.772 61.6 1.1 0.47 0.03 0.68 0.09 0.993
For-0553 29R 3665.772 59.0 1.3 0.43 0.03 0.69 0.09 0.994
For-0554 29R 3665.772 64.4 1.3 0.43 0.03 0.64 0.1 0.993
For-0555 29R 3665.772 60.4 2.0 0.4 0.04 0.6 0.1 0.994
For-0556 29R 3665.772 54.5 2.1 0.47 0.05 0.42 0.13 0.98
For-0557 29R 3665.772 39.0 3.7 0.37 0.03 0.36 0.09 0.918
For-0558 29R 3665.772 51.0 6.3 0.41 0.04 0.33 0.11 0.978
For-0559 29R 3665.772 65.3 2.1 0.43 0.04 0.59 0.11 0.992
For-0560 29R 3665.772 63.2 2.5 0.48 0.04 0.59 0.11 0.993
For-0561 29R 3665.772 60.3 10.4 0.23 0.14 0.79 0.17 0.989
For-0562 29R 3665.772 73.8 1.8 0.37 0.05 0.72 0.1 0.983
For-0563 29R 3665.772 56.1 2.3 0.41 0.06 0.74 0.11 0.986
For-0564 29R 3665.772 61.2 1.9 0.37 0.04 0.42 0.1 0.989
For-0565 29R 3665.772 50.4 2.9 0.41 0.05 0.55 0.11 0.993
For-0566 29R 3665.772 63.2 4.2 0.32 0.08 0.78 0.12 0.99
For-0567 29R 3665.772 71.7 2.3 0.51 0.05 0.64 0.12 0.986
For-0568 29R 3665.772 71.2 2.6 0.41 0.03 0.46 0.09 0.982
For-0569 29R 3665.772 60.2 1.3 0.44 0.03 0.67 0.09 0.994
For-0570 29R 3665.772 54.4 1.3 0.42 0.03 0.49 0.09 0.993
For-0571 29R 3665.772 40.1 1.2 0.41 0.04 0.7 0.1 0.984
For-0572 34B 3666.655 51.7 0.5 0.57 0.02 0.65 0.05 0.994
For-0573 34B 3666.655 50.1 0.5 0.46 0.02 0.63 0.04 0.995
For-0573 9B 4022.782 47.4 2.8 0.39 0.06 0.81 0.1 ""
For-0573 9B 4025.635 50.5 0.6 0.47 0.02 0.55 0.05 ""
For-0574 34B 3666.655 48.2 0.5 0.5 0.03 0.58 0.06 0.994
For-0574 9B 4020.689 53.0 1.9 0.47 0.05 0.78 0.09 ""
For-0575 34B 3666.655 48.4 0.8 0.51 0.03 0.56 0.07 0.993
For-0575 9B 4025.635 48.1 1.0 0.42 0.03 0.53 0.06 ""
For-0576 34B 3666.655 63.6 0.8 0.41 0.02 0.39 0.05 0.986
For-0576 9B 4022.782 65.0 3.4 0.16 0.08 0.59 0.13 ""
For-0576 9B 4025.635 63.8 1.4 0.4 0.03 0.43 0.06 ""
For-0577 34B 3666.655 58.0 2.8 0.34 0.04 0.46 0.08 0.991
For-0578 34B 3666.655 53.3 0.5 0.52 0.02 0.54 0.05 0.994
For-0578 9B 4022.782 55.7 3.6 0.54 0.06 0.44 0.19 ""
For-0579 34B 3666.655 48.3 1.1 0.38 0.03 0.34 0.08 0.99
For-0579 9B 4020.689 49.7 2.2 0.42 0.06 0.64 0.1 ""
For-0580 34B 3666.655 62.8 0.4 0.44 0.02 0.52 0.04 0.993
For-0580 9B 4022.782 57.4 4.1 0.46 0.05 0.2 0.16 ""
For-0580 9R 4025.635 67.2 4.9 0.54 0.06 0.56 0.14 ""
For-0581 34B 3666.655 61.2 0.5 0.52 0.02 0.73 0.04 0.992
For-0581 9B 4020.689 61.2 1.2 0.55 0.05 0.84 0.07 ""
For-0581 9R 4025.635 62.0 8.2 0.33 0.08 0.54 0.12 ""
For-0582 34B 3666.655 79.4 0.5 0.5 0.02 0.77 0.03 0.947
For-0583 34B 3666.655 62.5 0.8 0.41 0.03 0.61 0.06 0.994
For-0584 34B 3666.655 52.1 0.5 0.44 0.02 0.65 0.05 0.995
For-0585 34B 3666.655 66.2 0.5 0.5 0.02 0.75 0.04 0.979
For-0586 34B 3666.655 40.0 0.6 0.48 0.02 0.56 0.04 0.956
For-0586 70B 4027.82 39.1 0.9 0.48 0.03 0.65 0.06 ""
For-0587 34B 3666.655 75.2 0.5 0.45 0.02 0.53 0.04 0.964
For-0588 34B 3666.655 40.7 1.6 0.27 0.03 0.32 0.06 0.868
For-0589 34B 3666.655 54.2 0.4 0.5 0.02 0.62 0.04 0.99
For-0590 34B 3666.655 61.0 1.5 0.34 0.03 0.36 0.07 0.958
For-0591 34B 3666.655 63.5 0.6 0.38 0.02 0.4 0.03 0.983
For-0592 34B 3666.655 57.6 0.7 0.37 0.03 0.37 0.06 0.981
For-0593 34B 3666.655 55.1 0.5 0.41 0.02 0.43 0.05 0.963
For-0594 34B 3666.655 54.4 0.5 0.49 0.02 0.52 0.04 0.979
For-0595 34B 3666.655 50.6 0.7 0.36 0.02 0.36 0.05 0.955
For-0596 34B 3666.655 54.7 0.5 0.54 0.02 0.55 0.04 0.989
For-0596 54B 4023.606 53.5 1.6 0.41 0.04 0.48 0.09 ""
For-0597 34B 3666.655 38.1 1.4 0.32 0.04 0.77 0.06 0.927
For-0597 54B 4023.606 32.2 3.1 0.28 0.08 0.84 0.08 ""
For-0598 34B 3666.655 57.8 0.7 0.49 0.03 0.43 0.07 0.98
For-0599 34B 3666.655 70.0 2.7 0.49 0.05 0.53 0.12 0.989
For-0599 9B 4025.635 71.3 1.1 0.45 0.03 0.59 0.06 ""
For-0600 34B 3666.655 53.4 0.6 0.53 0.03 0.68 0.06 0.994
For-0600 9B 4025.635 54.9 1.8 0.46 0.04 0.65 0.07 ""
For-0601 34B 3666.655 48.3 0.7 0.5 0.04 0.64 0.07 0.993
For-0602 34B 3666.655 55.7 4.5 0.4 0.06 -0.02 0.17 0.869
For-0603 34B 3666.655 58.7 3.2 0.36 0.04 0.18 0.11 0.962
For-0603 9B 4025.635 55.0 1.1 0.36 0.03 0.35 0.06 ""
For-0604 34B 3666.655 37.3 2.1 0.43 0.04 0.22 0.12 0.529
For-0604 9B 4025.635 36.0 1.9 0.34 0.04 0.16 0.08 ""
For-0605 34B 3666.655 79.9 0.7 0.43 0.03 0.52 0.06 0.961
For-0606 34B 3666.655 66.0 0.7 0.49 0.03 0.52 0.07 0.991
For-0607 34B 3666.655 78.4 0.7 0.49 0.03 0.56 0.06 0.975
For-0607 9B 4020.689 78.3 0.5 0.51 0.01 0.57 0.03 ""
For-0608 34B 3666.655 63.7 2.4 0.34 0.05 0.35 0.11 0.953
For-0608 9B 4022.782 62.4 3.5 0.43 0.07 0.34 0.14 ""
For-0608 9B 4025.635 66.3 1.4 0.36 0.03 0.3 0.07 ""
For-0609 34B 3666.655 65.5 0.7 0.46 0.03 0.59 0.06 0.993
For-0610 34B 3666.655 68.2 0.8 0.49 0.03 0.56 0.06 0.989
For-0610 9B 4020.689 69.7 0.5 0.48 0.02 0.48 0.05 ""
For-0610 9B 4025.635 67.5 1.4 0.42 0.03 0.53 0.05 ""
For-0611 34B 3666.655 53.2 3.0 0.15 0.11 0.93 0.07 0.96
For-0612 34B 3666.655 56.0 1.2 0.5 0.04 0.63 0.09 0.994
For-0613 34B 3666.655 49.8 0.4 0.5 0.02 0.67 0.04 0.994
For-0614 34B 3666.655 73.3 0.5 0.51 0.02 0.52 0.04 0.968
For-0614 70B 4027.82 75.2 0.8 0.52 0.02 0.51 0.06 ""
For-0615 34B 3666.655 76.9 0.6 0.42 0.02 0.45 0.05 0.911
For-0615 70B 4027.82 77.5 1.0 0.36 0.02 0.39 0.05 ""
For-0616 34B 3666.655 22.1 2.2 0.33 0.03 0.99 0.03 0.07
For-0616 70B 4027.82 34.2 4.3 0.23 0.05 0.98 0.05 ""
For-0617 34B 3666.655 68.1 1.0 0.4 0.02 0.34 0.05 0.936
For-0617 70B 4027.82 68.1 1.1 0.41 0.03 0.4 0.06 ""
For-0618 34B 3666.655 43.6 0.4 0.51 0.02 0.74 0.04 0.977
For-0618 70B 4027.82 44.4 0.6 0.49 0.03 0.7 0.05 ""
For-0619 34B 3666.655 31.5 0.7 0.49 0.03 0.45 0.06 0.861
For-0619 70B 4027.82 30.1 1.6 0.42 0.03 0.48 0.07 ""
For-0620 34B 3666.655 68.5 0.7 0.44 0.03 0.55 0.05 0.98
For-0620 70B 4027.82 66.3 1.1 0.4 0.04 0.35 0.1 ""
For-0621 34B 3666.655 60.0 0.4 0.53 0.02 0.71 0.03 0.986
For-0621 70B 4027.82 60.6 0.6 0.54 0.03 0.72 0.06 ""
For-0622 34B 3666.655 73.5 0.5 0.53 0.03 0.61 0.06 0.974
For-0623 34B 3666.655 64.2 0.4 0.51 0.02 0.68 0.03 0.986
For-0624 34B 3666.655 46.8 0.4 0.54 0.02 0.62 0.04 0.987
For-0625 34B 3666.655 65.7 0.5 0.47 0.02 0.56 0.04 0.986
For-0626 34B 3666.655 67.0 0.5 0.42 0.02 0.48 0.05 0.978
For-0627 34B 3666.655 58.3 0.5 0.38 0.02 0.47 0.04 0.983
For-0628 34B 3666.655 49.3 0.8 0.54 0.03 0.64 0.07 0.994
For-0628 9B 4025.635 49.4 1.1 0.55 0.03 0.54 0.06 ""
For-0629 34B 3666.655 54.8 0.5 0.47 0.03 0.68 0.06 0.991
For-0629 9B 4022.782 51.7 2.2 "" "" 0.9 0.09 ""
For-0629 9R 4025.635 50.2 4.7 0.13 0.19 0.9 0.16 ""
For-0630 34B 3666.655 32.2 1.3 0.48 0.06 0.55 0.12 0.951
For-0631 34B 3666.655 54.8 0.6 0.39 0.03 0.46 0.06 0.991
For-0631 9B 4022.782 54.5 2.2 0.57 0.05 0.41 0.1 ""
For-0631 9B 4025.635 54.0 3.0 0.28 0.03 0.45 0.06 ""
For-0632 34B 3666.655 62.6 0.6 0.42 0.03 0.6 0.05 0.994
For-0633 34B 3666.655 58.5 0.6 0.5 0.03 0.53 0.07 0.994
For-0634 34B 3666.655 78.3 0.8 0.42 0.02 0.49 0.05 0.965
For-0635 34B 3666.655 69.1 2.5 0.33 0.04 0.22 0.1 0.898
For-0635 9B 4025.635 68.6 2.3 0.36 0.03 0.29 0.07 ""
For-0636 34B 3666.655 47.1 0.6 0.54 0.04 0.74 0.08 0.986
For-0636 9B 4020.689 48.7 0.4 0.49 0.02 0.8 0.03 ""
For-0637 34B 3666.655 64.1 0.7 0.5 0.03 0.59 0.06 0.993
For-0637 9B 4022.782 67.4 1.2 0.49 0.04 0.52 0.07 ""
For-0638 34B 3666.655 69.2 1.4 0.38 0.05 0.41 0.11 0.981
For-0639 34B 3666.655 69.1 0.4 0.52 0.02 0.76 0.04 0.985
For-0640 34B 3666.655 59.9 0.9 0.55 0.03 0.56 0.08 0.994
For-0641 34B 3666.655 46.4 0.5 0.5 0.02 0.76 0.04 0.988
For-0642 34B 3666.655 54.6 0.4 0.48 0.02 0.61 0.04 0.99
For-0643 34B 3666.655 70.0 0.7 0.47 0.02 0.51 0.05 0.979
For-0643 70B 4027.82 69.0 0.7 0.49 0.03 0.54 0.06 ""
For-0644 34B 3666.655 64.5 0.6 0.43 0.03 0.54 0.06 0.986
For-0644 70B 4027.82 61.3 4.0 "" "" "" "" ""
For-0645 34B 3666.655 56.2 0.6 0.49 0.02 0.51 0.05 0.983
For-0645 70B 4027.82 58.5 0.6 0.46 0.02 0.42 0.05 ""
For-0646 34B 3666.655 73.4 0.6 0.43 0.02 0.48 0.04 0.963
For-0647 34B 3666.655 57.4 0.4 0.53 0.02 0.65 0.04 0.99
For-0647 70B 4027.82 54.6 1.1 0.5 0.05 0.69 0.09 ""
For-0648 34B 3666.655 32.1 0.4 0.55 0.01 0.71 0.03 0.908
For-0648 70B 4027.82 31.6 0.8 0.54 0.03 0.67 0.07 ""
For-0649 34B 3666.655 52.1 0.8 0.49 0.03 0.7 0.06 0.994
For-0649 9B 4022.782 50.6 1.1 0.53 0.04 0.62 0.07 ""
For-0649 9R 4025.635 50.8 2.1 0.36 0.09 0.51 0.16 ""
For-0650 34B 3666.655 55.3 3.7 0.53 0.08 0.46 0.2 0.995
For-0650 9B 4020.689 58.2 0.4 0.5 0.02 0.62 0.04 ""
