data/walker2009/tables.csv
# %ECSV 1.0
# ---
# datatype:
# - name: Target
#   datatype: string
#   description: Target identification; Galaxy-ID number
#   meta: !!omap
#   - {ucd: ID_MAIN}
#   - {_votable_string_dtype: char}
# - name: Field
#   datatype: string
#   description: Field and spectrograph channel (B=blue, R=red)
#   meta: !!omap
#   - {ucd: ID_FIELD}
#   - {_votable_string_dtype: char}
# - name: HJD
#   unit: d
#   datatype: float64
#   format: '{:8.3f}'
#   description: Heliocentric Julian Date minus 2450000 of obs.
#   meta: !!omap
#   - {ucd: TIME_DATE}
#   - {width: 8}
#   - {precision: '3'}
# - name: HV
#   unit: km / s
#   datatype: float32
#   format: '{:6.1f}'
#   description: Heliocentric rest frame velocity
#   meta: !!omap
#   - {ucd: VELOC_HC}
#   - {width: 6}
#   - {precision: '1'}
# - name: e_HV
#   unit: km / s
#   datatype: float32
#   format: '{:4.1f}'
#   description: Uncertainty in HV
#   meta: !!omap
#   - {ucd: ERROR}
#   - {width: 4}
#   - {precision: '1'}
# - name: SigFe
#   unit: 0.1 nm
#   datatype: float32
#   format: '{:5.2f}'
#   description: '? The {Sigma}Fe spectral index ({AA})'
#   meta: !!omap
#   - {ucd: SPECT_INDEX_MISC}
#   - {width: 5}
#   - {precision: '2'}
#   - values: {'null': .nan}
# - name: e_SigFe
#   unit: 0.1 nm
#   datatype: float32
#   format: '{:5.2f}'
#   description: '? Uncertainty in SigFe ({AA})'
#   meta: !!omap
#   - {ucd: SPECT_INDEX_MISC}
#   - {width: 5}
#   - {precision: '2'}
#   - values: {'null': .nan}
# - name: SigMg
#   unit: 0.1 nm
#   datatype: float32
#   format: '{:5.2f}'
#   description: '? The {Sigma}Mg spectral index ({AA})'
#   meta: !!omap
#   - {ucd: SPECT_INDEX_MISC}
#   - {width: 5}
#   - {precision: '2'}
#   - values: {'null': .nan}
# - name: e_SigMg
#   unit: 0.1 nm
#   datatype: float32
#   format: '{:5.2f}'
#   description: '? Uncertainty in SigMg ({AA})'
#   meta: !!omap
#   - {ucd: SPECT_INDEX_MISC}
#   - {width: 5}
#   - {precision: '2'}
#   - values: {'null': .nan}
# - name: Mmb
#   datatype: float32
#   format: '{:6.3f}'
#   description: '? Probability membership'
#   meta: !!omap
#   - {ucd: CODE_MEMB}
#   - {width: 6}
#   - {precision: '3'}
#   - values: {'null': .nan}
# meta: !!omap
# - {ID: J_AJ_137_3100_tables}
# - {name: J/AJ/137/3100/tables}
# - {description: Combined table from original tables}
# schema: astropy-2.0
Target Field HJD HV e_HV SigFe e_SigFe SigMg e_SigMg Mmb
[from data line 4169]
For-1293 9B 4022.782 73.9 2.9 0.61 0.06 0.08 0.2 0.919
For-1294 9B 4022.782 39.1 3.9 "" "" 0.49 0.14 0.991
For-1294 9R 4025.635 47.0 3.6 0.28 0.07 0.59 0.11 ""
For-1295 9B 4022.782 59.3 3.2 "" "" "" "" 0.992
For-1296 9B 4022.782 56.9 1.0 0.62 0.04 0.74 0.09 0.994
For-1297 9B 4022.782 61.7 4.1 0.4 0.09 0.49 0.21 0.991
For-1298 9B 4022.782 57.3 2.4 0.47 0.08 0.65 0.14 0.994
For-1299 9B 4022.782 60.9 2.9 "" "" 0.32 0.27 0.989
For-1300 9B 4022.782 58.5 3.9 "" "" 0.57 0.25 0.992
For-1301 9B 4022.782 57.2 2.5 0.38 0.1 0.55 0.14 0.994
For-1302 9B 4022.782 68.3 2.5 0.54 0.09 0.8 0.17 0.993
For-1302 9B 4025.635 62.7 3.8 0.19 0.09 0.49 0.15 ""
For-1303 9R 4022.782 46.5 11.8 "" "" "" "" 0.986
For-1304 9R 4022.782 56.5 7.2 0.22 0.23 0.77 0.15 0.991
For-1305 9R 4022.782 39.6 11.9 0.48 0.13 0.76 0.27 0.98
For-1306 9R 4022.782 18.4 6.0 0.51 0.09 0.67 0.17 0.69
For-1307 9R 4022.782 52.2 7.5 0.46 0.12 0.31 0.29 0.986
For-1308 9R 4022.782 49.5 4.9 0.03 0.26 0.65 0.15 0.994
For-1308 9R 4025.635 49.3 1.4 0.42 0.04 0.63 0.1 ""
For-1309 9R 4022.782 45.3 10.6 -0.09 0.27 0.61 0.2 0.987
For-1310 9R 4022.782 67.4 5.4 0.46 0.14 0.28 0.35 0.983
For-1311 9R 4022.782 47.5 3.1 "" "" "" "" 0.985
For-1311 9R 4025.635 38.9 1.2 0.48 0.04 0.62 0.11 ""
For-1312 9R 4022.782 49.4 3.8 0.34 0.16 0.63 0.22 0.991
For-1313 9R 4022.782 41.9 1.4 0.36 0.09 0.72 0.14 0.986
For-1313 9R 4025.635 44.2 1.3 0.51 0.05 0.78 0.1 ""
For-1314 9R 4022.782 27.9 7.5 0.42 0.1 0.59 0.18 0.885
For-1314 9R 4025.635 26.7 3.3 0.45 0.05 0.46 0.12 ""
For-1315 9R 4022.782 67.2 6.2 0.55 0.08 0.46 0.2 0.987
For-1316 9R 4022.782 61.2 5.0 0.39 0.07 0.29 0.15 0.987
For-1316 9R 4025.635 65.9 7.7 0.32 0.05 0.48 0.11 ""
For-1317 9R 4022.782 41.1 5.8 0.51 0.08 0.75 0.14 0.994
For-1317 9R 4025.635 52.2 1.2 0.37 0.04 0.64 0.1 ""
For-1318 9R 4022.782 48.6 3.2 0.41 0.08 0.44 0.17 0.989
For-1319 9R 4022.782 18.8 7.0 0.24 0.19 0.54 0.23 0.753
For-1320 9R 4022.782 49.7 4.6 0.63 0.15 0.62 0.27 0.991
For-1321 9R 4022.782 68.4 5.5 "" "" 0.56 0.25 0.991
For-1322 9R 4022.782 54.6 8.7 0.46 0.1 0.36 0.27 0.99
For-1322 9R 4025.635 66.5 6.2 0.56 0.05 0.45 0.14 ""
For-1323 9R 4022.782 58.8 3.9 0.35 0.11 0.45 0.19 0.991
For-1324 9R 4022.782 55.1 9.5 0.55 0.14 0.26 0.38 0.987
For-1325 9R 4022.782 45.5 3.9 0.2 0.19 0.98 0.13 0.974
For-1326 9R 4022.782 67.4 3.1 0.23 0.08 0.33 0.13 0.98
For-1327 9R 4022.782 57.4 4.0 0.37 0.08 0.47 0.16 0.992
For-1328 9R 4022.782 37.6 1.7 0.56 0.05 0.66 0.13 0.984
For-1328 9R 4025.635 40.0 4.0 0.29 0.06 0.6 0.11 ""
For-1329 9R 4022.782 46.0 2.4 0.39 0.08 0.82 0.12 0.988
For-1330 9R 4022.782 71.0 2.6 0.48 0.1 0.48 0.19 0.985
For-1331 9R 4022.782 51.2 1.8 0.4 0.1 0.84 0.12 0.99
For-1332 9R 4022.782 50.8 2.6 0.44 0.06 0.46 0.14 0.992
For-1333 9R 4022.782 30.8 1.2 0.53 0.06 0.67 0.12 0.947
For-1334 9R 4022.782 56.1 2.3 0.43 0.1 0.67 0.14 0.995
For-1334 9R 4025.635 63.5 5.2 0.58 0.09 0.67 0.15 ""
For-1335 9R 4022.782 67.2 1.2 0.46 0.07 0.61 0.14 0.992
For-1336 9R 4022.782 78.9 2.6 0.39 0.12 0.58 0.2 0.974
For-1337 9R 4022.782 53.8 7.0 0.55 0.14 0.77 0.19 0.995
For-1337 4R 4027.679 58.0 1.3 0.41 0.05 0.8 0.1 ""
For-1338 9R 4022.782 45.0 5.3 0.62 0.07 0.57 0.17 0.992
For-1339 9R 4022.782 84.5 2.8 0.36 0.12 0.65 0.16 0.934
For-1340 9R 4022.782 47.7 10.4 0.47 0.09 0.61 0.15 0.993
For-1341 9R 4022.782 48.8 4.6 0.24 0.13 0.63 0.15 0.993
For-1342 9R 4022.782 62.4 1.6 "" "" "" "" 0.993
For-1342 9R 4025.635 71.7 3.4 0.48 0.05 0.51 0.11 ""
For-1343 9R 4022.782 59.5 1.9 0.16 0.19 1.08 0.11 0.946
For-1343 9R 4025.635 76.8 2.7 0.12 0.21 0.89 0.15 ""
For-1344 9R 4022.782 50.9 3.0 0.27 0.16 0.75 0.15 0.993
For-1345 9R 4022.782 61.1 1.2 0.56 0.06 0.68 0.13 0.994
For-1346 54B 4023.606 54.1 0.6 0.37 0.02 0.52 0.04 0.979
For-1347 54B 4023.606 47.7 1.9 0.44 0.04 0.44 0.1 0.96
For-1348 54B 4023.606 44.5 1.8 0.32 0.03 0.29 0.09 0.855
For-1349 54B 4023.606 75.0 1.5 0.48 0.04 0.84 0.07 0.864
For-1350 54B 4023.606 52.3 0.5 0.52 0.02 0.69 0.04 0.979
For-1351 54B 4023.606 44.2 1.2 0.37 0.05 0.63 0.09 0.973
For-1351 31B 4027.547 46.1 0.8 0.44 0.02 0.55 0.05 ""
For-1352 54B 4023.606 56.4 3.2 0.29 0.04 0.64 0.08 0.98
For-1353 54B 4023.606 68.9 2.5 0.36 0.03 0.32 0.06 0.848
For-1354 54B 4023.606 67.1 0.9 0.47 0.02 0.49 0.06 0.964
For-1355 54B 4023.606 46.4 1.5 0.45 0.02 0.35 0.07 0.905
For-1356 54B 4023.606 45.9 0.6 0.56 0.02 0.73 0.05 0.966
For-1357 54B 4023.606 53.3 0.6 0.43 0.02 0.57 0.05 0.982
For-1358 54B 4023.606 68.8 2.5 0.43 0.03 0.58 0.07 0.969
For-1359 54B 4023.606 21.3 4.7 0.41 0.04 0.71 0.11 0.0
For-1360 54B 4023.606 27.5 1.0 0.4 0.04 0.67 0.06 0.734
For-1360 31R 4027.547 26.9 1.1 0.43 0.04 0.62 0.1 ""
For-1361 54B 4023.606 30.9 3.1 0.41 0.05 0.6 0.11 0.71
For-1361 31B 4027.547 32.0 1.6 0.41 0.03 0.3 0.07 ""
For-1362 54B 4023.606 58.3 4.2 0.32 0.07 0.01 0.12 0.002
For-1362 31B 4027.547 62.0 3.8 0.34 0.03 -0.08 0.06 ""
For-1363 54B 4023.606 49.2 0.7 0.47 0.03 0.74 0.06 0.971
For-1364 54B 4023.606 49.9 2.7 0.36 0.04 0.37 0.09 0.945
For-1365 54B 4023.606 58.0 1.3 0.48 0.04 0.71 0.09 0.977
For-1366 54B 4023.606 64.3 3.9 0.41 0.05 0.4 0.12 0.94
For-1366 31B 4027.547 63.7 2.1 0.36 0.03 0.38 0.08 ""
For-1367 54B 4023.606 41.4 2.6 0.44 0.04 0.57 0.09 0.958
For-1368 54B 4023.606 63.5 2.1 0.5 0.04 0.37 0.1 0.943
For-1369 54B 4023.606 42.2 0.7 0.45 0.03 0.74 0.05 0.95
For-1370 54B 4023.606 57.2 0.4 0.5 0.02 0.6 0.04 0.982
For-1371 54B 4023.606 50.8 0.6 0.44 0.02 0.48 0.04 0.972
For-1372 54B 4023.606 48.1 2.4 0.42 0.04 0.32 0.09 0.908
For-1373 54B 4023.606 57.0 2.8 0.43 0.05 0.41 0.1 0.962
For-1374 54B 4023.606 51.5 0.7 0.44 0.03 0.55 0.06 0.98
For-1375 54B 4023.606 49.2 1.6 0.45 0.03 0.47 0.06 0.969
For-1376 54B 4023.606 40.9 1.2 0.41 0.03 0.53 0.06 0.954
For-1377 54B 4023.606 62.7 5.7 0.36 0.05 0.39 0.13 0.98
For-1377 31B 4027.547 62.0 1.2 0.44 0.02 0.46 0.05 ""
For-1378 54B 4023.606 81.7 1.9 0.42 0.04 0.4 0.11 0.756
For-1379 54B 4023.606 51.3 2.0 0.62 0.02 0.48 0.05 0.973
For-1380 54B 4023.606 49.4 1.2 0.36 0.03 0.46 0.06 0.966
For-1381 54B 4023.606 62.8 1.4 0.38 0.03 0.49 0.07 0.972
For-1382 54B 4023.606 29.4 0.7 0.57 0.03 0.79 0.06 0.793
For-1383 54B 4023.606 59.6 1.2 0.45 0.05 0.73 0.1 0.986
For-1384 54B 4023.606 57.6 0.6 0.41 0.02 0.38 0.06 0.966
For-1385 54B 4023.606 33.2 0.5 0.52 0.02 0.72 0.04 0.866
For-1386 54B 4023.606 62.8 0.8 0.4 0.03 0.56 0.06 0.979
For-1387 54B 4023.606 44.1 1.5 0.47 0.04 0.39 0.11 0.933
For-1388 54B 4023.606 59.3 1.3 0.44 0.04 0.56 0.08 0.979
For-1389 54B 4023.606 66.0 0.7 0.36 0.02 0.48 0.04 0.966
For-1390 54B 4023.606 65.0 0.7 0.49 0.02 0.5 0.05 0.971
For-1391 54B 4023.606 26.8 0.5 0.41 0.02 0.42 0.04 0.524
For-1392 54B 4023.606 40.5 0.5 0.48 0.02 0.65 0.04 0.957
For-1393 54B 4023.606 57.0 4.7 0.32 0.06 0.22 0.14 0.936
For-1394 54B 4023.606 66.5 2.2 "" "" 0.97 0.13 0.943
For-1395 54B 4023.606 56.9 2.0 0.47 0.04 0.56 0.09 0.988
For-1396 54B 4023.606 74.4 2.0 0.42 0.03 0.41 0.08 0.941
For-1397 54B 4023.606 51.8 0.6 0.52 0.03 0.66 0.06 0.98
For-1398 54B 4023.606 64.5 0.8 0.54 0.03 0.56 0.08 0.976
For-1399 54B 4023.606 51.9 1.0 0.55 0.04 0.42 0.1 0.979
For-1400 54B 4023.606 49.9 1.0 0.57 0.03 0.6 0.08 0.988
For-1401 54B 4023.606 65.0 0.6 0.47 0.03 0.48 0.07 0.981
For-1402 54B 4023.606 72.1 1.0 0.56 0.04 0.79 0.07 0.957
For-1403 54B 4023.606 49.0 2.5 0.36 0.05 0.51 0.09 0.984
For-1404 54B 4023.606 52.8 0.9 0.45 0.03 0.68 0.06 0.988
For-1405 54B 4023.606 56.7 0.5 0.53 0.02 0.69 0.04 0.988
For-1406 54B 4023.606 49.5 1.0 "" "" "" "" 0.958
For-1407 54B 4023.606 24.5 1.1 0.38 0.02 0.3 0.06 0.273
For-1408 54B 4023.606 76.2 1.4 0.32 0.03 0.41 0.07 0.918
For-1409 54B 4023.606 49.5 1.3 0.45 0.03 0.4 0.07 0.971
For-1410 54B 4023.606 38.4 0.7 0.59 0.02 0.64 0.05 0.968
For-1411 54B 4023.606 48.8 0.8 0.46 0.02 0.55 0.05 0.978
For-1412 54B 4023.606 61.2 1.1 0.47 0.03 0.73 0.05 0.975
For-1413 54B 4023.606 52.1 0.5 0.49 0.02 0.78 0.04 0.965
For-1414 54B 4023.606 53.0 1.2 0.48 0.03 0.59 0.07 0.981
For-1415 54B 4023.606 59.3 0.8 0.37 0.02 0.38 0.05 0.939
For-1416 54B 4023.606 56.7 1.8 0.43 0.03 0.47 0.06 0.971
For-1417 54B 4023.606 39.2 1.7 0.35 0.03 0.29 0.07 0.705
For-1418 81B 4024.621 73.8 0.6 0.37 0.02 0.29 0.04 0.755
For-1419 81B 4024.621 33.0 0.4 0.47 0.01 0.61 0.03 0.938
For-1420 81B 4024.621 34.2 0.5 0.47 0.02 0.49 0.04 0.927
For-1421 81B 4024.621 56.4 0.4 0.54 0.01 0.73 0.03 0.993
For-1422 81B 4024.621 55.1 0.8 0.48 0.02 0.37 0.05 0.981
For-1423 81B 4024.621 63.3 0.7 0.35 0.02 0.4 0.04 0.981
For-1423 47R 4684.845 67.5 1.0 0.38 0.03 0.36 0.09 ""
For-1424 81B 4024.621 73.8 0.5 0.48 0.02 0.64 0.04 0.986
For-1425 81B 4024.621 69.0 0.4 0.55 0.01 0.7 0.03 0.99
For-1426 81B 4024.621 44.7 0.6 0.44 0.02 0.42 0.05 0.963
For-1427 81B 4024.621 70.5 0.4 0.56 0.01 0.72 0.02 0.975
For-1428 81B 4024.621 58.3 0.4 0.47 0.02 0.7 0.03 0.988
For-1429 81B 4024.621 50.8 0.4 0.54 0.01 0.6 0.03 0.99
For-1430 81B 4024.621 63.3 0.6 0.48 0.02 0.61 0.05 0.988
For-1431 81B 4024.621 55.5 0.5 0.5 0.02 0.54 0.04 0.989
For-1432 81B 4024.621 51.9 1.0 0.56 0.03 0.58 0.06 0.994
For-1433 81B 4024.621 75.7 0.6 0.41 0.02 0.49 0.05 0.955
For-1434 81B 4024.621 69.5 0.4 0.5 0.02 0.63 0.03 0.982
For-1435 81B 4024.621 74.2 0.9 0.36 0.02 0.41 0.05 0.935
For-1436 81B 4024.621 73.9 0.6 0.4 0.02 0.46 0.04 0.954
For-1437 81B 4024.621 52.0 0.4 0.56 0.01 0.73 0.02 0.985
For-1438 81B 4024.621 60.0 0.5 0.55 0.01 0.75 0.02 0.983
For-1439 81B 4024.621 73.2 0.5 0.47 0.02 0.52 0.03 0.971
For-1440 81B 4024.621 65.6 0.4 0.49 0.02 0.61 0.03 0.987
For-1441 81B 4024.621 57.0 0.4 0.49 0.02 0.64 0.03 0.99
For-1442 81B 4024.621 65.5 0.5 0.44 0.02 0.54 0.04 0.985
For-1443 81B 4024.621 49.4 0.5 0.45 0.02 0.4 0.04 0.967
For-1444 81B 4024.621 57.0 0.4 0.49 0.02 0.57 0.04 0.982
For-1445 81B 4024.621 48.0 1.6 0.34 0.03 0.41 0.07 0.951
For-1446 81B 4024.621 59.1 0.7 0.44 0.02 0.37 0.06 0.935
For-1447 81B 4024.621 60.6 1.4 0.39 0.03 0.29 0.08 0.872
For-1448 81B 4024.621 56.4 0.5 0.49 0.02 0.62 0.04 0.99
For-1449 81B 4024.621 63.2 0.6 0.37 0.02 0.35 0.04 0.945
For-1450 81B 4024.621 45.1 0.5 0.46 0.01 0.51 0.02 0.981
For-1451 81B 4024.621 80.2 0.5 0.5 0.02 0.62 0.04 0.938
For-1452 81B 4024.621 58.8 1.2 0.53 0.02 0.36 0.06 0.96
For-1453 81B 4024.621 40.3 0.5 0.36 0.02 0.33 0.04 0.855
For-1454 81B 4024.621 45.1 0.5 0.55 0.02 0.75 0.03 0.975
For-1455 81B 4024.621 39.5 1.4 0.31 0.03 0.32 0.06 0.917
For-1456 81B 4024.621 88.0 4.1 0.26 0.03 0.65 0.05 0.834
For-1457 81B 4024.621 43.3 0.4 0.59 0.02 0.73 0.03 0.975
For-1458 81B 4024.621 64.6 0.4 0.56 0.02 0.69 0.03 0.986
For-1459 81B 4024.621 62.0 0.5 0.55 0.02 0.63 0.04 0.989
For-1460 81B 4024.621 51.8 0.7 0.37 0.02 0.38 0.05 0.965
For-1461 81B 4024.621 64.5 0.4 0.5 0.01 0.6 0.03 0.988
For-1462 81B 4024.621 57.2 0.6 0.48 0.02 0.53 0.05 0.98
For-1463 81B 4024.621 65.0 4.0 0.49 0.04 -0.09 0.17 0.437
For-1464 81B 4024.621 60.8 1.3 0.36 0.03 0.21 0.06 0.631
For-1465 81B 4024.621 60.8 0.6 0.42 0.02 0.31 0.04 0.859
For-1466 81B 4024.621 63.9 0.5 0.46 0.02 0.53 0.05 0.975
For-1467 81B 4024.621 57.1 0.9 0.47 0.02 0.45 0.06 0.969
For-1468 81B 4024.621 50.6 0.8 0.5 0.03 0.6 0.06 0.989
For-1469 81B 4024.621 51.2 1.3 0.45 0.03 0.37 0.07 0.965
For-1470 81B 4024.621 89.5 2.9 0.32 0.03 0.84 0.04 0.474
For-1471 81B 4024.621 37.9 0.6 0.52 0.03 0.63 0.05 0.966
For-1472 81B 4024.621 48.8 0.7 0.49 0.03 0.56 0.06 0.987
For-1473 81B 4024.621 46.9 0.5 0.42 0.02 0.38 0.04 0.952
For-1474 81B 4024.621 61.4 0.4 0.52 0.02 0.78 0.03 0.979
For-1475 81B 4024.621 59.0 0.4 0.58 0.02 0.63 0.04 0.99
For-1476 81B 4024.621 47.5 0.5 0.51 0.02 0.56 0.05 0.986
For-1477 81B 4024.621 66.4 0.7 0.46 0.02 0.54 0.04 0.984
For-1478 81B 4024.621 73.3 0.4 0.52 0.01 0.75 0.03 0.959
For-1479 81B 4024.621 47.4 0.6 0.4 0.02 0.51 0.04 0.984
For-1480 81B 4024.621 21.3 0.6 0.47 0.02 0.47 0.06 0.451
For-1481 81B 4024.621 55.4 3.9 0.41 0.05 0.27 0.13 0.914
For-1482 81B 4024.621 67.0 0.5 0.41 0.02 0.42 0.04 0.942
For-1483 81B 4024.621 67.4 0.6 0.36 0.02 0.4 0.04 0.93
For-1484 81B 4024.621 61.9 1.6 0.41 0.03 0.46 0.07 0.968
For-1485 81B 4024.621 64.7 1.7 0.37 0.03 0.3 0.06 0.855
For-1486 81B 4024.621 58.6 0.8 0.37 0.02 0.35 0.06 0.923
For-1487 81B 4024.621 54.2 0.8 0.51 0.02 0.45 0.06 0.969
For-1488 81B 4024.621 75.4 0.6 0.42 0.02 0.46 0.04 0.909
For-1489 81B 4024.621 54.6 0.5 0.56 0.02 0.6 0.05 0.982
For-1490 81B 4024.621 20.1 1.9 0.36 0.04 0.38 0.09 0.18
For-1491 81B 4024.621 70.9 0.5 0.42 0.02 0.44 0.04 0.933
For-1492 81B 4024.621 71.2 2.9 "" "" "" "" 0.957
For-1493 81B 4024.621 76.0 1.4 0.27 0.03 0.12 0.08 0.14
For-1494 81B 4024.621 54.4 0.6 0.5 0.02 0.46 0.05 0.971
For-1495 81B 4024.621 65.8 0.5 0.5 0.02 0.52 0.05 0.971
For-1496 81B 4024.621 68.3 0.5 0.5 0.02 0.6 0.05 0.972
For-1497 81B 4024.621 71.8 0.5 0.58 0.02 0.69 0.04 0.974
For-1498 81B 4024.621 77.4 0.8 0.41 0.03 0.39 0.06 0.884
For-1499 81B 4024.621 50.8 0.5 0.47 0.02 0.47 0.06 0.983
For-1500 81B 4024.621 31.2 2.4 0.46 0.04 1.07 0.05 0.045
For-1501 81B 4024.621 -16.9 2.8 0.34 0.06 0.87 0.06 0.0
For-1502 9B 4025.635 40.8 0.5 0.46 0.02 0.6 0.05 0.988
For-1502 31B 4027.547 40.0 0.5 0.48 0.02 0.61 0.04 ""
For-1503 9B 4025.635 42.4 0.6 0.5 0.02 0.62 0.05 0.99
For-1504 9B 4025.635 59.2 0.7 0.54 0.03 0.99 0.04 0.836
For-1505 9B 4025.635 54.7 0.5 0.41 0.02 0.64 0.04 0.995
For-1506 9B 4025.635 52.7 1.0 0.44 0.03 0.48 0.07 0.992
For-1507 9B 4025.635 35.6 0.6 0.47 0.02 0.43 0.05 0.952
For-1508 9B 4025.635 54.3 0.6 0.59 0.02 0.57 0.06 0.995
For-1509 9B 4025.635 57.4 0.4 0.5 0.02 0.7 0.04 0.994
For-1510 9B 4025.635 50.5 0.6 0.5 0.02 0.53 0.05 0.994
For-1511 9B 4025.635 60.6 0.7 0.49 0.02 0.5 0.05 0.994
For-1512 9B 4025.635 39.5 3.8 0.57 0.05 0.48 0.13 0.988
For-1513 9R 4025.635 65.5 2.9 0.42 0.06 0.52 0.12 0.992
For-1513 31B 4027.547 60.4 0.9 0.64 0.02 0.76 0.04 ""
For-1514 9B 4025.635 71.8 0.8 0.35 0.03 0.38 0.06 0.965
For-1515 9B 4025.635 49.2 0.9 0.53 0.03 0.62 0.07 0.994
For-1516 9B 4025.635 53.0 1.1 0.52 0.03 0.45 0.07 0.994
For-1516 31B 4027.547 56.0 0.6 0.48 0.02 0.59 0.05 ""
For-1517 9B 4025.635 54.0 0.5 0.44 0.03 0.64 0.06 0.99
For-1518 9B 4025.635 66.3 0.6 0.52 0.03 0.78 0.06 0.987
For-1519 9B 4025.635 60.6 0.8 0.42 0.03 0.62 0.05 0.994
For-1520 9B 4025.635 45.6 0.8 0.47 0.03 0.56 0.06 0.992
For-1521 9B 4025.635 49.9 0.4 0.47 0.02 0.75 0.04 0.991
For-1522 9B 4025.635 62.0 1.1 0.51 0.03 0.45 0.07 0.99
For-1523 9B 4025.635 51.0 1.9 0.39 0.03 0.49 0.06 0.992
For-1524 9B 4025.635 79.9 0.8 0.44 0.02 0.48 0.05 0.954
For-1525 9B 4025.635 37.1 1.3 0.46 0.03 0.37 0.07 0.941
For-1526 9B 4025.635 43.3 1.4 0.48 0.04 0.69 0.07 0.989
For-1527 9B 4025.635 51.9 0.6 0.46 0.03 0.63 0.05 0.995
For-1528 9B 4025.635 50.8 0.7 0.42 0.03 0.68 0.05 0.995
For-1529 9B 4025.635 48.3 0.6 0.54 0.02 0.75 0.05 0.99
For-1530 9B 4025.635 54.7 0.6 0.5 0.02 0.59 0.05 0.995
For-1531 9B 4025.635 59.3 0.7 0.49 0.02 0.64 0.04 0.995
For-1532 9B 4025.635 76.7 2.0 0.44 0.04 0.4 0.1 0.962
For-1533 9B 4025.635 52.4 2.3 0.39 0.04 0.55 0.09 0.994
For-1534 9B 4025.635 56.2 3.5 0.59 0.04 0.32 0.14 0.995
For-1534 4B 4027.679 56.3 1.7 0.5 0.04 0.62 0.08 ""
For-1535 9B 4025.635 59.9 1.0 0.4 0.03 0.72 0.06 0.994
For-1536 9B 4025.635 75.1 1.3 0.32 0.02 0.34 0.05 0.932
For-1537 9B 4025.635 36.5 1.4 0.41 0.04 0.54 0.1 0.978
For-1538 9B 4025.635 67.2 1.1 0.37 0.03 0.61 0.06 0.993
For-1539 9B 4025.635 50.9 0.6 0.48 0.02 0.53 0.05 0.994
For-1540 9B 4025.635 53.1 0.6 0.43 0.03 0.57 0.05 0.995
For-1541 9B 4025.635 34.2 1.2 0.35 0.03 0.59 0.06 0.971
For-1542 9B 4025.635 61.9 0.7 0.36 0.02 0.47 0.04 0.992
For-1543 9B 4025.635 56.5 1.6 0.52 0.04 0.45 0.09 0.992
For-1544 9B 4025.635 45.6 3.8 0.32 0.06 0.52 0.11 0.99
For-1544 4B 4027.679 41.0 1.4 0.58 0.03 0.68 0.06 ""
For-1545 9B 4025.635 59.7 2.9 0.39 0.04 0.52 0.09 0.996
For-1546 9B 4025.635 71.1 3.5 0.32 0.06 0.55 0.11 0.991
For-1547 9B 4025.635 40.1 1.1 0.44 0.03 0.42 0.08 0.976
For-1548 9B 4025.635 59.0 0.9 0.44 0.02 0.33 0.06 0.977
For-1549 9B 4025.635 37.9 1.1 0.52 0.03 0.51 0.06 0.981
For-1550 9B 4025.635 66.5 1.8 0.4 0.04 0.39 0.09 0.984
For-1551 9B 4025.635 41.4 1.5 0.51 0.03 0.66 0.06 0.99
For-1552 9B 4025.635 49.5 0.9 0.41 0.04 0.56 0.07 0.994
