data/walker2009/tables.csv
# %ECSV 1.0
# ---
# datatype:
# - name: Target
#   datatype: string
#   description: Target identification; Galaxy-ID number
#   meta: !!omap
#   - {ucd: ID_MAIN}
#   - {_votable_string_dtype: char}
# - name: Field
#   datatype: string
#   description: Field and spectrograph channel (B=blue, R=red)
#   meta: !!omap
#   - {ucd: ID_FIELD}
#   - {_votable_string_dtype: char}
# - name: HJD
#   unit: d
#   datatype: float64
#   format: '{:8.3f}'
#   description: Heliocentric Julian Date minus 2450000 of obs.
#   meta: !!omap
#   - {ucd: TIME_DATE}
#   - {width: 8}
#   - {precision: '3'}
# - name: HV
#   unit: km / s
#   datatype: float32
#   format: '{:6.1f}'
#   description: Heliocentric rest frame velocity
#   meta: !!omap
#   - {ucd: VELOC_HC}
#   - {width: 6}
#   - {precision: '1'}
# - name: e_HV
#   unit: km / s
#   datatype: float32
#   format: '{:4.1f}'
#   description: Uncertainty in HV
#   meta: !!omap
#   - {ucd: ERROR}
#   - {width: 4}
#   - {precision: '1'}
# - name: SigFe
#   unit: 0.1 nm
#   datatype: float32
#   format: '{:5.2f}'
#   description: '? The {Sigma}Fe spectral index ({AA})'
#   meta: !!omap
#   - {ucd: SPECT_INDEX_MISC}
#   - {width: 5}
#   - {precision: '2'}
#   - values: {'null': .nan}
# - name: e_SigFe
#   unit: 0.1 nm
#   datatype: float32
#   format: '{:5.2f}'
#   description: '? Uncertainty in SigFe ({AA})'
#   meta: !!omap
#   - {ucd: SPECT_INDEX_MISC}
#   - {width: 5}
#   - {precision: '2'}
#   - values: {'null': .nan}
# - name: SigMg
#   unit: 0.1 nm
#   datatype: float32
#   format: '{:5.2f}'
#   description: '? The {Sigma}Mg spectral index ({AA})'
#   meta: !!omap
#   - {ucd: SPECT_INDEX_MISC}
#   - {width: 5}
#   - {precision: '2'}
#   - values: {'null': .nan}
# - name: e_SigMg
#   unit: 0.1 nm
#   datatype: float32
#   format: '{:5.2f}'
#   description: '? Uncertainty in SigMg ({AA})'
#   meta: !!omap
#   - {ucd: SPECT_INDEX_MISC}
#   - {width: 5}
#   - {precision: '2'}
#   - values: {'null': .nan}
# - name: Mmb
#   datatype: float32
#   format: '{:6.3f}'
#   description: '? Probability membership'
#   meta: !!omap
#   - {ucd: CODE_MEMB}
#   - {width: 6}
#   - {precision: '3'}
#   - values: {'null': .nan}
# meta: !!omap
# - {ID: J_AJ_137_3100_tables}
# - {name: J/AJ/137/3100/tables}
# - {description: Combined table from original tables}
# schema: astropy-2.0
Target Field HJD HV e_HV SigFe e_SigFe SigMg e_SigMg Mmb
[from data line 4742]
For-1840 4B 4027.679 40.0 0.4 0.5 0.02 0.79 0.03 1.0
For-1841 4R 4027.679 49.5 1.3 0.46 0.06 0.68 0.12 0.994
For-1842 4R 4027.679 55.4 3.0 0.26 0.06 0.42 0.11 0.991
For-1843 4R 4027.679 48.6 2.5 0.43 0.03 0.51 0.1 0.993
For-1844 4R 4027.679 66.8 5.2 0.27 0.17 0.41 0.27 0.987
For-1845 4R 4027.679 69.5 3.7 0.26 0.15 0.61 0.17 0.989
For-1846 4R 4027.679 61.9 1.3 0.44 0.05 0.67 0.11 0.994
For-1847 4R 4027.679 55.2 2.2 0.31 0.04 0.42 0.1 0.991
For-1848 4R 4027.679 80.6 7.5 0.25 0.07 0.62 0.11 0.978
For-1849 4R 4027.679 43.9 1.1 0.34 0.04 0.8 0.1 0.987
For-1850 4R 4027.679 45.3 2.4 0.41 0.06 0.75 0.1 0.99
For-1851 4R 4027.679 39.2 1.6 0.48 0.04 0.55 0.1 0.985
For-1852 4R 4027.679 54.4 1.2 0.43 0.03 0.57 0.09 0.995
For-1853 4R 4027.679 59.1 3.2 0.29 0.06 0.5 0.11 0.995
For-1854 4R 4027.679 57.8 11.0 0.31 0.12 0.68 0.14 0.994
For-1855 4R 4027.679 38.7 8.0 0.17 0.11 0.73 0.13 0.994
For-1856 4R 4027.679 63.3 3.0 0.34 0.05 0.57 0.11 0.998
For-1857 4R 4027.679 69.0 1.0 0.41 0.03 0.75 0.09 0.995
For-1858 4R 4027.679 37.7 1.2 0.41 0.03 0.69 0.09 0.994
For-1859 4R 4027.679 46.8 1.0 0.47 0.02 0.74 0.09 0.997
For-1860 4R 4027.679 52.0 2.0 0.35 0.05 0.79 0.1 0.995
For-1861 4R 4027.679 52.6 1.4 0.46 0.05 0.64 0.11 0.996
For-1862 4R 4027.679 48.1 1.1 0.55 0.04 0.68 0.1 0.995
For-1863 4R 4027.679 50.3 1.6 0.51 0.05 0.65 0.11 0.996
For-1864 4R 4027.679 50.2 3.0 0.23 0.08 0.55 0.12 0.997
For-1865 4R 4027.679 87.0 2.3 0.39 0.04 0.45 0.1 0.949
For-1866 4R 4027.679 47.3 3.0 0.54 0.06 0.6 0.16 0.992
For-1867 4R 4027.679 46.5 2.4 0.33 0.08 0.57 0.12 0.995
For-1868 4R 4027.679 65.7 1.1 0.38 0.04 0.78 0.1 0.997
For-1869 4R 4027.679 62.1 2.6 0.41 0.1 0.3 0.1 0.991
For-1870 4R 4027.679 58.9 2.6 0.23 0.09 0.43 0.1 0.997
For-1871 4R 4027.679 70.2 1.2 0.4 0.04 0.68 0.1 0.996
For-1872 4R 4027.679 62.1 2.2 0.29 0.03 0.44 0.09 1.0
For-1873 4R 4027.679 51.7 1.2 0.37 0.04 0.78 0.09 0.997
For-1874 4R 4027.679 59.9 1.4 0.38 0.07 0.72 0.11 0.995
For-1875 4R 4027.679 62.0 1.4 0.4 0.05 0.83 0.1 0.993
For-1876 4R 4027.679 49.5 1.1 0.46 0.03 0.55 0.09 0.998
For-1877 4R 4027.679 80.0 1.0 0.41 0.03 0.56 0.09 0.989
For-1878 4R 4027.679 55.6 1.0 0.47 0.03 0.73 0.09 1.0
For-1879 4R 4027.679 85.0 2.1 0.37 0.05 0.7 0.1 0.929
For-1880 4R 4027.679 66.2 1.1 0.33 0.05 0.67 0.1 0.995
For-1881 4R 4027.679 67.7 1.9 0.41 0.09 0.62 0.18 0.993
For-1882 4R 4027.679 21.7 5.5 0.33 0.08 0.55 0.12 0.869
For-1883 4R 4027.679 50.5 1.0 0.4 0.03 0.69 0.09 0.996
For-1884 4R 4027.679 49.3 0.9 0.43 0.03 0.62 0.09 0.996
For-1885 4R 4027.679 65.5 2.1 0.37 0.04 0.59 0.09 0.993
For-1886 4R 4027.679 64.2 1.7 0.39 0.04 0.76 0.1 0.997
For-1887 4R 4027.679 56.0 2.2 0.35 0.05 0.74 0.1 0.997
For-1888 4R 4027.679 68.1 1.0 0.49 0.03 0.68 0.09 0.997
For-1889 4R 4027.679 55.8 1.5 0.41 0.04 0.57 0.09 0.998
For-1890 4R 4027.679 49.4 1.0 0.4 0.03 0.82 0.09 0.996
For-1891 70B 4027.82 61.4 5.4 0.27 0.03 0.27 0.08 0.896
For-1892 70B 4027.82 52.8 0.8 0.54 0.02 0.57 0.06 0.981
For-1893 70B 4027.82 59.9 0.5 0.55 0.02 0.77 0.04 0.966
For-1894 70B 4027.82 63.6 4.1 0.24 0.04 0.97 0.05 0.706
For-1895 70B 4027.82 55.5 0.6 0.33 0.02 0.36 0.05 0.96
For-1896 70B 4027.82 41.7 1.0 0.45 0.03 0.35 0.06 0.858
For-1897 70B 4027.82 42.9 1.8 0.39 0.03 0.31 0.07 0.82
For-1898 70B 4027.82 55.0 0.4 0.51 0.02 0.71 0.04 0.979
For-1899 70B 4027.82 48.6 3.5 0.49 0.07 0.69 0.11 0.974
For-1900 70B 4027.82 68.1 0.6 0.5 0.02 0.52 0.05 0.967
For-1901 70B 4027.82 49.0 0.6 0.54 0.03 0.73 0.06 0.972
For-1902 70B 4027.82 36.0 0.4 0.54 0.02 0.62 0.03 0.931
For-1903 70B 4027.82 57.8 1.0 0.55 0.03 0.52 0.09 0.977
For-1904 70B 4027.82 18.2 0.9 0.31 0.02 0.34 0.04 0.06
For-1905 70B 4027.82 46.1 0.5 0.46 0.02 0.58 0.04 0.986
For-1906 70B 4027.82 66.4 0.6 0.55 0.03 0.62 0.06 0.975
For-1907 70B 4027.82 71.4 0.4 0.52 0.02 0.59 0.03 0.964
For-1908 70B 4027.82 73.8 0.4 0.5 0.02 0.64 0.04 0.954
For-1909 70B 4027.82 51.5 0.4 0.53 0.02 0.56 0.04 0.981
For-1910 70B 4027.82 56.1 0.4 0.43 0.02 0.54 0.04 0.981
For-1911 70B 4027.82 52.2 1.9 0.42 0.04 0.29 0.11 0.952
For-1912 70B 4027.82 43.7 0.8 0.57 0.03 0.56 0.08 0.98
For-1913 70B 4027.82 59.4 0.6 0.49 0.02 0.49 0.05 0.985
For-1914 70B 4027.82 45.6 0.4 0.51 0.02 0.58 0.03 0.985
For-1915 70B 4027.82 34.2 0.6 0.57 0.02 0.67 0.05 0.942
For-1916 70B 4027.82 56.8 2.9 "" "" "" "" 0.962
For-1917 70B 4027.82 66.3 2.6 0.47 0.05 0.01 0.13 0.4
For-1918 70B 4027.82 59.0 3.3 0.3 0.03 0.65 0.06 0.989
For-1919 70B 4027.82 65.0 2.1 0.4 0.04 0.43 0.07 0.975
For-1920 70B 4027.82 60.2 0.4 0.58 0.02 0.58 0.05 0.989
For-1921 70B 4027.82 49.6 1.1 0.38 0.03 0.4 0.06 0.951
For-1922 70B 4027.82 55.3 0.5 0.49 0.02 0.63 0.04 0.983
For-1923 70B 4027.82 23.3 0.9 0.35 0.02 0.39 0.05 0.303
For-1924 70B 4027.82 51.6 2.1 0.36 0.03 0.97 0.03 0.669
For-1925 4B 4355.722 94.3 4.7 0.06 0.08 0.72 0.08 0.732
For-1926 4B 4355.722 41.0 5.8 "" "" 0.14 0.14 0.888
For-1927 4B 4355.722 70.8 5.9 0.27 0.05 0.26 0.1 0.936
For-1928 4B 4355.722 31.7 2.6 0.46 0.06 0.93 0.05 0.737
For-1929 4B 4355.722 46.8 5.2 "" "" 0.74 0.06 0.991
For-1930 4B 4355.722 77.6 4.8 0.21 0.07 0.17 0.1 0.741
For-1931 4B 4355.722 66.1 5.2 0.34 0.05 0.53 0.07 0.993
For-1932 4B 4355.722 44.9 2.7 0.44 0.04 0.44 0.06 0.99
For-1933 4B 4355.722 59.8 1.2 0.38 0.04 0.49 0.05 0.995
For-1934 4B 4355.722 70.7 3.5 0.29 0.05 0.86 0.07 0.972
For-1935 4B 4355.722 61.7 2.7 0.28 0.05 0.94 0.05 0.946
For-1936 4B 4355.722 73.3 2.9 0.48 0.05 0.85 0.06 0.966
For-1937 4B 4355.722 42.2 1.0 0.44 0.03 0.63 0.05 0.991
For-1938 4B 4355.722 26.4 2.0 0.39 0.04 0.81 0.05 0.817
For-1939 4B 4355.722 48.6 2.0 0.43 0.04 0.47 0.08 0.992
For-1940 4B 4355.722 56.7 4.4 0.42 0.03 0.06 0.1 0.662
For-1941 4B 4355.722 61.7 0.9 0.5 0.03 0.81 0.04 0.988
For-1942 4B 4355.722 55.6 1.1 0.39 0.03 0.81 0.04 0.989
For-1943 4B 4355.722 44.9 2.0 0.39 0.03 0.53 0.06 0.991
For-1944 4B 4355.722 40.7 4.2 0.14 0.13 0.95 0.09 0.942
For-1945 4B 4355.722 45.7 4.0 0.45 0.05 0.52 0.14 0.99
For-1946 4B 4355.722 48.1 1.9 0.44 0.03 0.78 0.05 0.989
For-1947 4B 4355.722 56.8 4.1 0.26 0.05 0.66 0.09 0.995
For-1948 4B 4355.722 59.8 2.2 0.47 0.04 0.37 0.14 0.989
For-1949 4B 4355.722 80.2 3.3 0.34 0.05 0.44 0.11 0.955
For-1950 4B 4355.722 58.3 2.9 0.34 0.07 0.78 0.12 0.993
For-1951 4B 4355.722 52.9 3.5 0.41 0.05 0.72 0.11 0.995
For-1952 4B 4355.722 48.3 4.3 0.27 0.06 0.74 0.08 0.994
For-1953 4B 4355.722 46.6 1.2 0.45 0.04 0.81 0.06 0.994
For-1954 4B 4355.722 65.6 4.3 0.49 0.04 0.5 0.1 0.997
For-1955 4B 4355.722 49.5 2.1 "" "" 0.58 0.06 0.996
For-1956 4B 4355.722 54.8 3.2 "" "" 0.59 0.05 0.996
For-1957 4B 4355.722 50.6 4.3 "" "" 0.54 0.06 0.996
For-1958 4B 4355.722 63.1 3.9 "" "" 0.56 0.06 0.998
For-1959 4B 4355.722 37.6 5.1 0.26 0.05 0.59 0.06 0.994
For-1960 4B 4355.722 57.0 5.1 -0.1 0.06 0.4 0.07 0.996
For-1961 4B 4355.722 64.3 4.3 "" "" 0.41 0.07 0.987
For-1962 4B 4355.722 56.7 2.4 -0.29 0.08 0.64 0.05 0.995
For-1963 4B 4355.722 47.8 3.1 "" "" 0.63 0.06 0.994
For-1964 4B 4355.722 41.3 1.6 "" "" 0.88 0.03 0.938
For-1965 4B 4355.722 33.1 2.0 "" "" 0.65 0.05 0.978
For-1966 4B 4355.722 51.5 2.8 "" "" 0.81 0.04 0.99
For-1967 4B 4355.722 59.1 4.3 "" "" 0.61 0.07 0.996
For-1968 4B 4355.722 60.4 4.0 0.21 0.06 0.29 0.11 0.976
For-1969 4B 4355.722 59.6 2.1 0.37 0.03 0.77 0.06 0.994
For-1970 4B 4355.722 42.9 4.8 0.42 0.05 0.58 0.13 0.996
For-1971 4B 4355.722 61.1 4.3 0.68 0.03 0.21 0.16 0.991
For-1972 4B 4355.722 68.3 2.2 0.5 0.04 0.56 0.11 0.997
For-1973 4B 4355.722 40.2 4.2 0.29 0.07 0.53 0.14 0.985
For-1974 4B 4355.722 57.8 3.4 0.44 0.04 0.6 0.11 0.996
For-1975 4B 4355.722 56.1 3.5 0.48 0.05 0.6 0.13 0.996
For-1976 4B 4355.722 52.9 2.3 0.46 0.04 0.69 0.07 0.998
For-1977 4B 4355.722 62.1 3.2 0.34 0.15 0.5 0.11 0.997
For-1978 4B 4355.722 39.0 1.7 "" "" 0.58 0.09 0.995
For-1979 4B 4355.722 56.7 4.7 0.4 0.03 0.37 0.08 0.994
For-1980 4B 4355.722 52.1 1.6 0.41 0.03 0.58 0.05 0.997
For-1981 4B 4355.722 43.8 1.4 0.39 0.03 1.02 0.03 0.834
For-1982 4B 4355.722 56.1 1.9 0.35 0.03 0.59 0.07 0.998
For-1983 4B 4355.722 61.1 1.1 0.52 0.02 0.65 0.05 1.0
For-1984 4B 4355.722 52.1 1.3 0.49 0.02 0.78 0.05 1.0
For-1985 4B 4355.722 53.0 2.6 0.28 0.05 0.67 0.07 1.0
For-1986 4B 4355.722 83.4 3.2 0.28 0.03 0.42 0.06 0.969
For-1987 4B 4355.722 32.1 3.2 0.42 0.03 0.27 0.08 0.822
For-1988 4B 4355.722 20.2 3.0 0.37 0.04 0.13 0.12 0.177
For-1989 4B 4355.722 60.8 1.4 0.48 0.02 0.44 0.06 0.996
For-1990 4B 4355.722 58.8 1.1 0.51 0.03 0.76 0.05 0.997
For-1991 4B 4355.722 60.5 2.5 0.45 0.03 0.6 0.06 0.998
For-1992 4B 4355.722 62.8 1.8 0.43 0.03 0.63 0.06 0.998
For-1993 4B 4355.722 50.7 2.3 0.36 0.03 0.54 0.05 1.0
For-1994 4B 4355.722 46.0 1.4 0.48 0.03 0.76 0.05 0.996
For-1995 4B 4355.722 49.8 3.7 0.58 0.04 0.3 0.12 0.992
For-1996 4B 4355.722 36.7 1.5 0.35 0.04 0.78 0.05 0.988
For-1997 4B 4355.722 64.5 2.2 0.42 0.04 0.59 0.07 0.998
For-1998 4B 4355.722 44.3 3.0 0.36 0.04 0.18 0.11 0.96
For-1999 4B 4355.722 59.6 1.7 0.52 0.04 0.83 0.07 0.988
For-2000 4B 4355.722 63.2 3.1 0.27 0.05 0.46 0.11 0.996
For-2001 4B 4355.722 47.2 1.9 0.6 0.04 0.55 0.12 0.997
For-2002 4B 4355.722 51.2 1.6 0.49 0.03 0.55 0.08 0.998
For-2003 4B 4355.722 46.4 5.0 0.28 0.06 0.6 0.1 0.997
For-2004 4B 4355.722 50.9 4.8 "" "" "" "" 0.99
For-2005 4B 4355.722 67.1 2.9 "" "" "" "" 0.986
For-2006 4B 4355.722 57.2 1.6 "" "" 0.35 0.05 0.992
For-2007 4B 4355.722 69.4 1.3 "" "" 0.6 0.04 0.997
For-2008 4B 4355.722 54.0 4.6 "" "" 0.18 0.09 0.914
For-2009 4B 4355.722 50.7 0.9 "" "" 0.52 0.05 0.996
For-2010 4B 4355.722 61.5 1.0 0.5 0.07 0.54 0.05 0.995
For-2011 4B 4355.722 37.7 1.4 "" "" 0.58 0.05 0.995
For-2012 4B 4355.722 78.8 1.8 0.37 0.06 0.36 0.05 0.966
For-2013 4B 4355.722 56.6 3.2 0.48 0.04 0.63 0.05 0.996
For-2014 4B 4355.722 55.0 1.1 0.46 0.03 0.55 0.05 0.998
For-2015 4B 4355.722 50.6 2.7 0.5 0.05 0.42 0.07 1.0
For-2016 4B 4355.722 52.3 0.5 0.55 0.03 0.66 0.03 1.0
For-2017 4R 4355.722 70.4 10.1 0.18 0.2 0.49 0.23 0.986
For-2018 4R 4355.722 57.1 5.6 "" "" 0.67 0.34 0.991
For-2019 4R 4355.722 -28.2 8.4 "" "" 0.45 0.93 0.0
For-2020 4R 4355.722 37.9 6.8 "" "" 0.41 0.66 0.973
For-2021 4R 4355.722 -121.2 9.8 "" "" 0.76 0.29 0.0
For-2022 4R 4355.722 50.5 2.7 0.5 0.07 0.78 0.13 0.994
For-2023 4R 4355.722 35.6 3.9 0.37 0.09 0.46 0.15 0.976
For-2024 4R 4355.722 41.6 7.0 0.58 0.3 0.28 0.65 0.985
For-2025 4R 4355.722 -103.8 8.1 "" "" "" "" 0.0
For-2026 4R 4355.722 52.8 1.1 0.43 0.07 0.68 0.11 0.998
For-2027 4R 4355.722 68.8 1.4 0.29 0.08 0.83 0.11 0.988
For-2028 4R 4355.722 48.1 12.1 0.31 0.19 0.23 0.31 0.991
For-2028 9R 4359.677 47.4 5.2 0.31 0.26 0.61 0.34 ""
For-2029 4R 4355.722 36.8 9.0 0.1 0.64 0.33 0.29 0.988
For-2030 4R 4355.722 48.9 6.3 0.58 0.1 0.29 0.3 0.99
For-2031 4R 4355.722 -129.4 9.4 "" "" "" "" 0.0
For-2032 4R 4355.722 -142.6 8.6 0.52 0.14 0.41 0.31 0.0
For-2033 4R 4355.722 -21.5 8.7 "" "" "" "" 0.0
For-2034 4R 4355.722 55.9 2.1 0.42 0.06 0.67 0.12 0.998
For-2035 4R 4355.722 118.0 9.9 "" "" 0.69 0.33 0.17
For-2036 4R 4355.722 44.1 1.2 0.38 0.05 0.55 0.11 0.996
For-2037 4R 4355.722 41.4 2.5 0.4 0.1 0.77 0.14 1.0
For-2038 4R 4355.722 47.5 10.2 0.01 0.17 0.31 0.24 0.994
For-2039 4R 4355.722 50.5 3.0 0.2 0.09 0.63 0.13 1.0
For-2040 4R 4355.722 47.1 7.2 0.21 0.1 0.47 0.17 0.996
For-2041 4R 4355.722 55.1 9.1 0.34 0.14 0.49 0.23 0.994
For-2042 4R 4355.722 61.5 3.5 0.3 0.12 0.54 0.17 0.994
For-2043 4R 4355.722 56.9 5.9 0.39 0.08 0.35 0.16 0.992
For-2044 4R 4355.722 70.7 1.6 0.48 0.04 0.67 0.1 0.996
For-2045 4R 4355.722 49.9 2.4 0.32 0.09 0.34 0.15 0.99
For-2046 4R 4355.722 52.6 6.1 0.37 0.08 0.55 0.15 0.995
For-2047 4R 4355.722 62.4 8.8 0.25 0.11 0.48 0.15 0.994
For-2048 4R 4355.722 62.8 8.8 0.4 0.11 0.23 0.29 0.995
For-2049 4R 4355.722 49.3 4.2 0.42 0.06 0.46 0.14 0.996
For-2050 4R 4355.722 53.9 1.1 0.37 0.05 0.48 0.11 0.998
For-2051 4R 4355.722 34.0 7.0 0.3 0.07 0.45 0.15 0.989
For-2052 9B 4359.677 45.2 2.1 0.6 0.12 0.73 0.22 0.977
For-2053 9B 4359.677 63.6 4.7 0.18 0.2 1.01 0.14 0.948
For-2054 9B 4359.677 46.6 3.8 0.36 0.17 0.9 0.2 0.987
For-2055 9B 4359.677 61.9 1.5 0.58 0.13 0.84 0.17 0.99
For-2056 9B 4359.677 52.8 3.2 "" "" 0.75 0.41 0.99
For-2057 9B 4359.677 50.2 5.6 "" "" 0.84 0.24 0.99
For-2058 9B 4359.677 57.5 3.5 0.16 0.23 0.63 0.22 0.992
For-2059 9B 4359.677 87.1 2.1 0.47 0.15 0.52 0.2 0.853
For-2060 9B 4359.677 86.4 3.8 0.45 0.91 0.54 0.27 0.884
For-2061 9B 4359.677 56.6 4.4 "" "" 0.35 0.27 0.988
For-2062 9B 4359.677 62.4 3.5 0.42 0.09 -0.01 0.33 0.979
For-2063 9B 4359.677 52.5 3.4 0.44 0.09 0.39 0.23 0.989
For-2064 9B 4359.677 47.5 3.9 0.47 0.09 0.4 0.23 0.987
For-2065 9B 4359.677 61.4 5.3 0.43 0.09 0.36 0.21 0.987
For-2066 9B 4359.677 53.6 3.4 0.41 0.08 0.34 0.21 0.987
For-2067 9B 4359.677 58.6 5.9 0.32 0.12 0.41 0.22 0.989
For-2068 9B 4359.677 65.7 2.6 0.44 0.1 0.59 0.21 0.98
For-2069 9B 4359.677 59.0 2.8 0.4 0.12 0.3 0.29 0.987
For-2070 9B 4359.677 171.0 5.6 0.31 0.38 0.66 0.41 0.0
For-2071 9B 4359.677 65.0 2.6 0.4 0.12 0.32 0.27 0.971
For-2072 9B 4359.677 38.7 4.6 0.42 0.08 0.32 0.2 0.964
For-2073 9B 4359.677 50.6 3.2 "" "" 0.5 0.33 0.989
For-2074 9B 4359.677 54.4 5.8 "" "" "" "" 0.989
For-2075 9B 4359.677 49.3 3.5 "" "" 0.57 0.27 0.99
For-2076 9B 4359.677 49.8 4.7 0.34 0.11 -0.06 0.35 0.978
For-2077 9B 4359.677 64.0 4.4 0.37 0.18 0.58 0.3 0.989
For-2078 9B 4359.677 46.5 4.3 0.52 0.09 0.41 0.28 0.986
For-2079 9B 4359.677 46.3 1.3 0.46 0.08 0.55 0.19 0.989
For-2080 9B 4359.677 47.0 4.4 0.37 0.11 0.41 0.26 0.986
For-2081 9B 4359.677 82.9 4.5 0.34 0.12 0.63 0.18 0.947
For-2082 9B 4359.677 53.4 5.5 "" "" 0.74 0.15 0.992
For-2083 9B 4359.677 44.9 1.6 "" "" 0.65 0.12 0.99
For-2084 9B 4359.677 52.3 2.8 0.43 0.1 0.54 0.25 0.992
For-2085 9B 4359.677 65.5 5.6 0.39 0.11 0.55 0.28 0.99
For-2086 9B 4359.677 52.8 2.6 0.46 0.08 0.58 0.2 0.993
For-2087 9B 4359.677 54.0 4.1 0.44 0.08 0.52 0.26 0.992
For-2088 9B 4359.677 45.0 3.4 0.3 0.14 0.71 0.26 0.989
For-2089 9B 4359.677 32.1 5.3 0.37 0.1 0.85 0.17 0.953
For-2090 9B 4359.677 57.9 1.7 "" "" 0.62 0.23 0.993
For-2091 9B 4359.677 62.4 2.5 "" "" 0.36 0.24 0.989
For-2092 9B 4359.677 55.9 4.3 "" "" -0.08 0.42 0.986
For-2093 9B 4359.677 64.3 2.7 0.32 0.14 0.79 0.25 0.99
For-2094 9B 4359.677 54.3 1.5 0.53 0.09 0.69 0.23 0.992
For-2095 9B 4359.677 64.3 2.2 0.56 0.09 0.49 0.28 0.989
For-2096 9B 4359.677 78.2 3.1 0.35 0.11 0.79 0.17 0.965
For-2097 9B 4359.677 55.0 2.2 0.51 0.09 0.69 0.21 0.992
For-2098 9B 4359.677 48.1 2.5 0.47 0.08 0.65 0.18 0.992
For-2099 9B 4359.677 -43.2 4.7 0.35 0.11 0.65 0.25 0.0
For-2100 9B 4359.677 56.7 1.1 0.43 0.08 0.85 0.16 0.991
For-2101 9B 4359.677 69.0 2.7 0.49 0.08 0.49 0.23 0.985
For-2102 9B 4359.677 56.4 5.0 0.35 0.12 0.58 0.27 0.991
For-2103 9B 4359.677 46.3 1.2 0.52 0.06 0.43 0.21 0.987
For-2104 9B 4359.677 69.8 2.7 0.35 0.09 0.69 0.19 0.989
For-2105 9B 4359.677 60.3 3.9 0.5 0.09 0.48 0.23 0.991
For-2106 9B 4359.677 85.6 5.2 0.5 0.13 0.35 0.33 0.929
For-2107 9B 4359.677 61.2 1.9 0.63 0.11 0.43 0.3 0.982
For-2107 4B 4683.862 64.6 1.9 "" "" 0.3 0.1 ""
For-2108 9B 4359.677 48.0 1.4 0.62 0.09 0.64 0.2 0.992
For-2109 9B 4359.677 50.4 2.2 0.41 0.1 0.44 0.21 0.991
For-2110 9B 4359.677 55.9 1.8 0.51 0.12 0.88 0.17 0.993
For-2111 9B 4359.677 54.6 2.2 0.42 0.15 0.8 0.26 0.993
For-2112 9B 4359.677 46.1 5.4 0.57 0.36 0.36 0.17 0.984
For-2113 9B 4359.677 54.6 3.0 0.63 0.15 0.23 0.23 0.986
For-2114 9B 4359.677 60.1 2.1 0.57 0.16 0.51 0.19 0.991
For-2115 9B 4359.677 70.6 3.3 "" "" 0.5 0.2 0.986
For-2116 9B 4359.677 43.5 3.5 0.36 0.17 0.47 0.2 0.987
For-2117 9B 4359.677 61.8 1.2 0.5 0.09 0.6 0.14 0.994
For-2118 9R 4359.677 67.1 2.2 0.32 0.12 0.57 0.16 0.99
For-2119 9R 4359.677 60.6 3.3 0.26 0.18 0.76 0.17 0.984
For-2120 9R 4359.677 44.6 4.9 0.55 0.13 0.72 0.21 0.988
For-2121 9R 4359.677 62.2 2.6 0.43 0.2 0.81 0.17 0.991
For-2122 9R 4359.677 57.4 6.5 0.6 0.13 0.35 0.36 0.988
For-2123 9R 4359.677 48.1 1.4 0.45 0.1 0.68 0.17 0.991
For-2124 9R 4359.677 31.3 2.5 0.4 0.12 0.89 0.15 0.909
For-2125 9R 4359.677 416.8 10.8 0.53 0.12 0.14 0.44 0.0
For-2126 9R 4359.677 -267.1 8.0 0.31 0.22 0.61 0.27 0.0
For-2127 9R 4359.677 55.4 7.2 0.53 0.12 0.3 0.32 0.987
For-2128 9R 4359.677 -253.9 5.1 0.47 0.18 0.69 0.36 0.0
