data/walker2009/tables.csv
# %ECSV 1.0
# ---
# datatype:
# - name: Target
#   datatype: string
#   description: Target identification; Galaxy-ID number
#   meta: !!omap
#   - {ucd: ID_MAIN}
#   - {_votable_string_dtype: char}
# - name: Field
#   datatype: string
#   description: Field and spectrograph channel (B=blue, R=red)
#   meta: !!omap
#   - {ucd: ID_FIELD}
#   - {_votable_string_dtype: char}
# - name: HJD
#   unit: d
#   datatype: float64
#   format: '{:8.3f}'
#   description: Heliocentric Julian Date minus 2450000 of obs.
#   meta: !!omap
#   - {ucd: TIME_DATE}
#   - {width: 8}
#   - {precision: '3'}
# - name: HV
#   unit: km / s
#   datatype: float32
#   format: '{:6.1f}'
#   description: Heliocentric rest frame velocity
#   meta: !!omap
#   - {ucd: VELOC_HC}
#   - {width: 6}
#   - {precision: '1'}
# - name: e_HV
#   unit: km / s
#   datatype: float32
#   format: '{:4.1f}'
#   description: Uncertainty in HV
#   meta: !!omap
#   - {ucd: ERROR}
#   - {width: 4}
#   - {precision: '1'}
# - name: SigFe
#   unit: 0.1 nm
#   datatype: float32
#   format: '{:5.2f}'
#   description: '? The {Sigma}Fe spectral index ({AA})'
#   meta: !!omap
#   - {ucd: SPECT_INDEX_MISC}
#   - {width: 5}
#   - {precision: '2'}
#   - values: {'null': .nan}
# - name: e_SigFe
#   unit: 0.1 nm
#   datatype: float32
#   format: '{:5.2f}'
#   description: '? Uncertainty in SigFe ({AA})'
#   meta: !!omap
#   - {ucd: SPECT_INDEX_MISC}
#   - {width: 5}
#   - {precision: '2'}
#   - values: {'null': .nan}
# - name: SigMg
#   unit: 0.1 nm
#   datatype: float32
#   format: '{:5.2f}'
#   description: '? The {Sigma}Mg spectral index ({AA})'
#   meta: !!omap
#   - {ucd: SPECT_INDEX_MISC}
#   - {width: 5}
#   - {precision: '2'}
#   - values: {'null': .nan}
# - name: e_SigMg
#   unit: 0.1 nm
#   datatype: float32
#   format: '{:5.2f}'
#   description: '? Uncertainty in SigMg ({AA})'
#   meta: !!omap
#   - {ucd: SPECT_INDEX_MISC}
#   - {width: 5}
#   - {precision: '2'}
#   - values: {'null': .nan}
# - name: Mmb
#   datatype: float32
#   format: '{:6.3f}'
#   description: '? Probability membership'
#   meta: !!omap
#   - {ucd: CODE_MEMB}
#   - {width: 6}
#   - {precision: '3'}
#   - values: {'null': .nan}
# meta: !!omap
# - {ID: J_AJ_137_3100_tables}
# - {name: J/AJ/137/3100/tables}
# - {description: Combined table from original tables}
# schema: astropy-2.0
Target Field HJD HV e_HV SigFe e_SigFe SigMg e_SigMg Mmb
[from data line 1785]
Car-1408 1R 4122.587 225.2 3.5 "" "" "" "" 1.0
Car-1409 1R 4122.587 220.1 7.0 "" "" "" "" 1.0
Car-1410 1R 4122.587 95.7 2.8 "" "" "" "" 0.0
Car-1411 1R 4122.587 230.7 1.0 "" "" "" "" 0.996
Car-1412 1R 4122.587 232.6 4.4 "" "" "" "" 0.997
Car-1413 1R 4122.587 231.2 2.6 "" "" "" "" 0.999
Car-1414 1R 4122.587 22.3 8.0 "" "" "" "" 0.0
Car-1415 1R 4122.587 230.3 5.2 "" "" "" "" 0.999
Car-1416 1R 4122.587 236.7 9.7 "" "" "" "" 0.999
Car-1417 1R 4122.587 25.8 1.4 "" "" "" "" 0.0
Car-1418 1R 4122.587 223.2 1.9 "" "" "" "" 0.998
Car-1419 1R 4122.587 230.7 5.6 "" "" "" "" 0.999
Car-1420 1R 4122.587 226.0 5.3 "" "" "" "" 0.998
Car-1421 1R 4122.587 225.5 4.2 "" "" "" "" 0.998
Car-1422 1R 4122.587 230.2 7.2 "" "" "" "" 0.998
Car-1423 1R 4122.587 74.8 1.0 "" "" "" "" 0.0
Car-1424 1R 4122.587 46.1 1.4 "" "" "" "" 0.0
Car-1424 1R 4560.511 38.3 1.4 0.39 0.03 0.85 0.1 ""
Car-1425 1R 4122.587 220.6 1.8 "" "" "" "" 0.998
Car-1426 1R 4122.587 97.3 1.9 "" "" "" "" 0.0
Car-1427 1R 4122.587 38.7 0.9 "" "" "" "" 0.0
Car-1428 1R 4122.587 230.8 1.4 "" "" "" "" 0.997
Car-1429 1R 4122.587 219.5 10.6 "" "" "" "" 0.997
Car-1430 1R 4122.587 74.8 1.6 "" "" "" "" 0.0
Car-1431 1R 4122.587 28.6 1.7 "" "" "" "" 0.0
Car-1432 1R 4122.587 223.0 2.6 "" "" "" "" 0.998
Car-1433 1R 4122.587 183.2 0.9 "" "" "" "" 0.0
Car-1434 1B 4122.701 228.6 3.8 "" "" "" "" 0.998
Car-1435 1B 4122.701 215.7 3.4 "" "" "" "" 0.997
Car-1436 1B 4122.701 214.1 4.3 "" "" "" "" 0.996
Car-1437 1B 4122.701 22.3 3.6 "" "" "" "" 0.0
Car-1438 1B 4122.701 227.7 4.6 "" "" "" "" 0.998
Car-1439 1B 4122.701 221.7 2.4 "" "" "" "" 0.998
Car-1440 1B 4122.701 217.0 3.8 "" "" "" "" 0.997
Car-1441 1B 4122.701 226.8 2.5 "" "" "" "" 0.998
Car-1442 1B 4122.701 236.0 2.8 "" "" "" "" 0.997
Car-1443 1B 4122.701 243.2 6.0 "" "" "" "" 0.978
Car-1444 1B 4122.701 -6.3 4.7 "" "" "" "" 0.0
Car-1445 1B 4122.701 205.9 4.0 "" "" "" "" 0.975
Car-1446 1B 4122.701 217.6 2.4 "" "" "" "" 0.998
Car-1447 1B 4122.701 215.6 6.0 "" "" "" "" 0.996
Car-1448 1B 4122.701 210.1 2.7 "" "" "" "" 0.987
Car-1449 1B 4122.701 228.0 4.9 "" "" "" "" 0.998
Car-1450 1B 4122.701 236.7 5.7 "" "" "" "" 0.994
Car-1451 1B 4122.701 248.1 4.9 "" "" "" "" 0.856
Car-1452 1B 4122.701 215.2 4.1 "" "" "" "" 0.997
Car-1453 1B 4122.701 63.7 5.8 "" "" "" "" 0.0
Car-1454 1B 4122.701 39.0 3.4 "" "" "" "" 0.0
Car-1455 1B 4122.701 225.4 3.9 "" "" "" "" 0.999
Car-1456 1B 4122.701 223.6 1.9 "" "" "" "" 0.999
Car-1457 1B 4122.701 223.4 2.9 "" "" "" "" 0.998
Car-1458 1B 4122.701 223.2 6.0 "" "" "" "" 0.997
Car-1459 1B 4122.701 134.1 1.2 "" "" "" "" 0.0
Car-1460 1B 4122.701 207.0 4.7 "" "" "" "" 0.981
Car-1461 1B 4122.701 226.5 1.6 "" "" "" "" 0.998
Car-1462 1B 4122.701 215.8 2.9 "" "" "" "" 0.999
Car-1463 1B 4122.701 229.6 4.5 "" "" "" "" 0.999
Car-1464 1B 4122.701 222.7 2.2 "" "" "" "" 0.999
Car-1465 1B 4122.701 30.4 1.0 "" "" "" "" 0.0
Car-1466 1B 4122.701 233.7 5.3 "" "" "" "" 0.999
Car-1467 1B 4122.701 223.8 5.4 "" "" "" "" 0.998
Car-1468 1B 4122.701 213.1 4.8 "" "" "" "" 0.996
Car-1469 1B 4122.701 52.0 5.0 "" "" "" "" 0.0
Car-1470 1B 4122.701 230.0 4.7 "" "" "" "" 0.998
Car-1471 1B 4122.701 223.5 3.7 "" "" "" "" 0.998
Car-1472 1B 4122.701 223.9 3.1 "" "" "" "" 0.999
Car-1473 1B 4122.701 203.4 3.2 "" "" "" "" 0.963
Car-1474 1B 4122.701 214.5 5.7 "" "" "" "" 0.999
Car-1475 1B 4122.701 228.6 3.4 "" "" "" "" 0.999
Car-1476 1B 4122.701 223.7 5.1 "" "" "" "" 1.0
Car-1477 1B 4122.701 219.3 4.7 "" "" "" "" 0.999
Car-1478 1R 4122.701 213.9 1.6 "" "" "" "" 0.998
Car-1479 1R 4122.701 147.8 2.1 "" "" "" "" 0.0
Car-1480 1R 4122.701 209.1 6.4 "" "" "" "" 0.993
Car-1481 1R 4122.701 2.5 2.8 "" "" "" "" 0.0
Car-1482 1R 4122.701 223.8 5.1 "" "" "" "" 0.998
Car-1483 1R 4122.701 6.5 1.8 "" "" "" "" 0.0
Car-1484 1R 4122.701 -22.7 1.9 "" "" "" "" 0.0
Car-1485 1R 4122.701 228.5 5.8 "" "" "" "" 0.998
Car-1486 1R 4122.701 228.6 7.4 "" "" "" "" 0.998
Car-1487 1R 4122.701 220.7 1.7 "" "" "" "" 0.999
Car-1488 1R 4122.701 220.2 1.5 "" "" "" "" 0.997
Car-1489 1R 4122.701 232.7 3.3 "" "" "" "" 0.996
Car-1490 1R 4122.701 211.1 7.7 "" "" "" "" 0.991
Car-1491 1R 4122.701 81.0 3.4 "" "" "" "" 0.0
Car-1492 1R 4122.701 -10.7 10.4 "" "" "" "" 0.0
Car-1493 1R 4122.701 231.4 3.7 "" "" "" "" 0.999
Car-1494 1R 4122.701 223.6 5.9 "" "" "" "" 0.999
Car-1495 1R 4122.701 35.5 2.4 "" "" "" "" 0.0
Car-1496 1R 4122.701 138.2 10.2 "" "" "" "" 0.0
Car-1497 1R 4122.701 7.0 1.4 "" "" "" "" 0.0
Car-1498 1R 4122.701 83.3 1.2 "" "" "" "" 0.0
Car-1499 1R 4122.701 220.9 7.7 "" "" "" "" 0.999
Car-1500 1R 4122.701 66.8 3.4 "" "" "" "" 0.0
Car-1501 1R 4122.701 231.9 7.6 "" "" "" "" 0.999
Car-1502 1R 4122.701 219.1 11.5 "" "" "" "" 0.996
Car-1503 1R 4122.701 344.5 7.0 "" "" "" "" 0.0
Car-1504 1R 4122.701 238.9 8.4 "" "" "" "" 0.996
Car-1505 1R 4122.701 208.5 1.2 "" "" "" "" 0.968
Car-1506 1R 4122.701 211.7 6.2 "" "" "" "" 0.994
Car-1507 1R 4122.701 229.3 7.1 "" "" "" "" 0.999
Car-1508 1R 4122.701 45.4 2.4 "" "" "" "" 0.0
Car-1508 1R 4560.511 54.6 3.5 "" "" 1.01 0.15 ""
Car-1509 1R 4122.701 224.8 1.3 "" "" "" "" 0.998
Car-1510 1R 4122.701 122.2 3.5 "" "" "" "" 0.0
Car-1511 1R 4122.701 47.6 1.3 "" "" "" "" 0.0
Car-1511 1R 4560.511 46.5 2.1 0.21 0.07 0.79 0.1 ""
Car-1512 1R 4122.701 348.7 2.7 "" "" "" "" 0.0
Car-1513 1R 4122.701 236.5 5.4 "" "" "" "" 1.0
Car-1514 1R 4122.701 232.6 2.0 "" "" "" "" 0.998
Car-1515 1R 4122.701 233.6 10.5 "" "" "" "" 0.998
Car-1516 1B 4123.555 219.8 5.3 "" "" "" "" 0.997
Car-1517 1B 4123.555 290.1 6.0 "" "" "" "" 0.0
Car-1517 1B 4554.518 330.2 5.2 "" "" "" "" ""
Car-1518 1B 4123.555 229.0 3.8 "" "" "" "" 0.997
Car-1519 1B 4123.555 225.2 3.2 "" "" "" "" 0.998
Car-1520 1B 4123.555 228.8 3.6 "" "" "" "" 0.998
Car-1521 1B 4123.555 226.7 4.5 "" "" "" "" 1.0
Car-1521 1B 4554.518 227.0 3.8 0.34 0.11 0.19 0.17 ""
Car-1522 1B 4123.555 234.9 4.1 "" "" "" "" 0.998
Car-1523 1B 4123.555 226.3 6.0 "" "" "" "" 0.998
Car-1524 1B 4123.555 219.4 4.4 "" "" "" "" 0.998
Car-1525 1B 4123.555 123.4 4.3 "" "" "" "" 0.0
Car-1526 1B 4123.555 223.2 5.2 "" "" "" "" 1.0
Car-1526 1B 4554.518 216.4 4.4 "" "" 0.36 0.18 ""
Car-1527 1B 4123.555 20.7 5.2 "" "" "" "" 0.0
Car-1528 1B 4123.555 242.3 5.3 "" "" "" "" 0.977
Car-1529 1B 4123.555 231.6 4.7 "" "" "" "" 0.998
Car-1530 1B 4123.555 223.6 3.4 "" "" "" "" 0.993
Car-1530 1B 4554.518 257.8 4.8 "" "" "" "" ""
Car-1531 1B 4123.555 111.0 3.8 "" "" "" "" 0.0
Car-1532 1B 4123.555 36.1 5.4 "" "" "" "" 0.0
Car-1533 1B 4123.555 226.1 4.3 "" "" "" "" 0.998
Car-1534 1B 4123.555 221.7 4.0 "" "" "" "" 0.999
Car-1535 1B 4123.555 129.0 4.9 "" "" "" "" 0.0
Car-1536 1B 4123.555 65.4 2.3 "" "" "" "" 0.0
Car-1536 1B 4554.518 67.3 0.9 0.35 0.05 1.02 0.06 ""
Car-1536 1B 4560.511 68.0 1.1 "" "" 0.65 0.07 ""
Car-1537 1B 4123.555 236.4 3.0 "" "" "" "" 1.0
Car-1538 1B 4123.555 242.2 4.1 "" "" "" "" 0.963
Car-1539 1R 4123.555 283.9 8.3 "" "" "" "" 0.0
Car-1540 1R 4123.555 222.7 5.5 "" "" "" "" 0.999
Car-1541 1R 4123.555 253.7 7.0 "" "" "" "" 0.958
Car-1541 1R 4554.518 228.8 9.0 0.47 0.12 0.64 0.17 ""
Car-1542 1R 4123.555 222.2 3.4 "" "" "" "" 0.998
Car-1543 1R 4123.555 206.6 3.4 "" "" "" "" 0.999
Car-1543 1R 4554.518 222.3 4.3 0.42 0.08 0.35 0.17 ""
Car-1544 1R 4123.555 224.9 1.5 "" "" "" "" 1.0
Car-1544 1R 4554.518 227.8 2.0 0.43 0.03 0.46 0.1 ""
Car-1545 1R 4123.555 214.6 5.9 "" "" "" "" 0.996
Car-1546 1R 4123.555 211.5 3.9 "" "" "" "" 1.0
Car-1546 1R 4554.518 212.8 2.8 0.38 0.05 0.41 0.11 ""
Car-1547 1R 4123.555 218.8 2.6 "" "" "" "" 1.0
Car-1547 1R 4554.518 217.3 1.8 0.34 0.05 0.48 0.11 ""
Car-1548 1R 4123.555 214.3 1.2 "" "" "" "" 0.999
Car-1548 1R 4554.518 214.0 1.0 0.44 0.02 0.56 0.09 ""
Car-1549 1R 4123.555 74.0 2.9 "" "" "" "" 0.0
Car-1549 1R 4554.518 77.6 1.9 0.36 0.05 0.76 0.1 ""
Car-1550 1R 4123.555 -3.6 1.7 "" "" "" "" 0.0
Car-1550 1R 4554.518 0.0 1.9 0.28 0.06 0.71 0.1 ""
Car-1551 1R 4123.555 227.2 11.5 "" "" "" "" 0.999
Car-1552 1R 4123.555 228.6 5.5 "" "" "" "" 0.996
Car-1552 1R 4554.518 236.2 9.8 0.35 0.12 0.56 0.19 ""
Car-1553 1R 4123.555 83.8 7.6 "" "" "" "" 0.0
Car-1554 1R 4123.555 89.8 7.5 "" "" "" "" 0.0
Car-1554 1R 4554.518 77.8 10.9 0.33 0.16 0.58 0.19 ""
Car-1555 1R 4123.555 228.2 2.5 "" "" "" "" 1.0
Car-1555 1R 4554.518 226.0 1.9 0.38 0.04 0.39 0.1 ""
Car-1556 1R 4123.555 -18.1 10.3 "" "" "" "" 0.0
Car-1557 1R 4123.555 140.2 2.2 "" "" "" "" 0.0
Car-1558 1R 4123.555 220.5 5.7 "" "" "" "" 0.998
Car-1559 1R 4123.555 226.9 5.7 "" "" "" "" 0.998
Car-1560 1R 4123.555 224.6 3.0 "" "" "" "" 0.999
Car-1560 1R 4554.518 229.4 2.1 0.38 0.11 0.51 0.2 ""
Car-1561 1R 4123.555 225.6 2.6 "" "" "" "" 1.0
Car-1561 1R 4554.518 230.8 7.0 0.3 0.1 0.34 0.18 ""
Car-1562 1R 4123.555 208.0 4.3 "" "" "" "" 0.994
Car-1562 1R 4554.518 209.9 5.4 0.22 0.25 0.61 0.24 ""
Car-1563 1R 4123.555 212.2 1.4 "" "" "" "" 0.999
Car-1563 1R 4554.518 211.7 4.2 0.48 0.06 0.46 0.14 ""
Car-1564 98B 4123.681 -37.4 4.8 "" "" "" "" 0.0
Car-1565 98B 4123.681 15.9 1.0 "" "" "" "" 0.0
Car-1566 98B 4123.681 47.9 3.2 "" "" "" "" 0.0
Car-1567 98B 4123.681 54.8 1.2 "" "" "" "" 0.0
Car-1568 98B 4123.681 215.6 2.2 "" "" "" "" 0.822
Car-1569 98B 4123.681 105.5 2.8 "" "" "" "" 0.0
Car-1570 98B 4123.681 176.8 4.9 "" "" "" "" 0.0
Car-1571 98B 4123.681 4.7 2.0 "" "" "" "" 0.0
Car-1572 98R 4123.681 132.6 7.3 "" "" "" "" 0.0
Car-1573 98R 4123.681 115.9 8.7 "" "" "" "" 0.0
Car-1574 98R 4123.681 53.8 2.0 "" "" "" "" 0.0
Car-1575 98R 4123.681 98.9 4.1 "" "" "" "" 0.0
Car-1576 98R 4123.681 1.1 1.9 "" "" "" "" 0.0
Car-1577 98R 4123.681 104.8 7.3 "" "" "" "" 0.0
Car-1578 98R 4123.681 -9.6 5.4 "" "" "" "" 0.0
Car-1579 98R 4123.681 21.4 4.3 "" "" "" "" 0.0
Car-1580 98R 4123.681 134.2 6.1 "" "" "" "" 0.0
Car-1581 98R 4123.681 117.1 7.7 "" "" "" "" 0.0
Car-1582 98R 4123.681 429.0 5.8 "" "" "" "" 0.0
Car-1583 98R 4123.681 117.0 4.6 "" "" "" "" 0.0
Car-1584 98R 4123.681 110.8 3.3 "" "" "" "" 0.0
Car-1585 105B 4124.663 -36.5 4.4 "" "" "" "" 0.0
Car-1586 105B 4124.663 123.2 2.8 "" "" "" "" 0.0
Car-1587 105B 4124.663 138.8 4.6 "" "" "" "" 0.0
Car-1588 105B 4124.663 235.1 4.1 "" "" "" "" 0.847
Car-1589 105B 4124.663 153.3 5.3 "" "" "" "" 0.0
Car-1590 105B 4124.663 119.3 3.1 "" "" "" "" 0.0
Car-1591 105B 4124.663 222.1 5.0 "" "" "" "" 0.941
Car-1592 105B 4124.663 235.8 1.8 "" "" "" "" 0.767
Car-1593 105B 4124.663 225.9 1.7 "" "" "" "" 0.941
Car-1594 105B 4124.663 157.9 1.3 "" "" "" "" 0.0
Car-1595 105B 4124.663 -11.1 5.2 "" "" "" "" 0.0
Car-1596 105B 4124.663 126.2 3.7 "" "" "" "" 0.0
Car-1597 105B 4124.663 94.5 3.6 "" "" "" "" 0.0
Car-1598 105B 4124.663 263.4 5.7 "" "" "" "" 0.0
Car-1599 105B 4124.663 53.6 3.2 "" "" "" "" 0.0
Car-1600 105B 4124.663 22.1 2.6 "" "" "" "" 0.0
Car-1601 105B 4124.663 49.0 2.7 "" "" "" "" 0.0
Car-1602 105B 4124.663 110.6 1.4 "" "" "" "" 0.0
Car-1603 105B 4124.663 123.3 5.2 "" "" "" "" 0.0
Car-1604 105B 4124.663 157.6 2.2 "" "" "" "" 0.0
Car-1605 105B 4124.663 28.3 4.1 "" "" "" "" 0.0
Car-1606 105B 4124.663 97.4 2.3 "" "" "" "" 0.0
Car-1607 105B 4124.663 187.2 1.9 "" "" "" "" 0.0
Car-1608 105B 4124.663 -23.3 4.6 "" "" "" "" 0.0
Car-1609 105B 4124.663 26.0 3.2 "" "" "" "" 0.0
Car-1610 105B 4124.663 63.3 4.5 "" "" "" "" 0.0
Car-1611 105B 4124.663 113.1 2.2 "" "" "" "" 0.0
Car-1612 105B 4124.663 29.0 3.0 "" "" "" "" 0.0
Car-1613 105B 4124.663 57.5 0.9 "" "" "" "" 0.0
Car-1614 105B 4124.663 37.0 2.5 "" "" "" "" 0.0
Car-1615 105B 4124.663 209.8 1.9 "" "" "" "" 0.515
Car-1616 105B 4124.663 65.6 3.1 "" "" "" "" 0.0
Car-1617 105B 4124.663 57.9 2.8 "" "" "" "" 0.0
Car-1618 105B 4124.663 20.1 3.1 "" "" "" "" 0.0
Car-1619 105B 4124.663 32.9 2.5 "" "" "" "" 0.0
Car-1620 105B 4124.663 120.5 3.5 "" "" "" "" 0.0
Car-1621 105R 4124.663 78.4 4.7 "" "" "" "" 0.0
Car-1622 105R 4124.663 29.4 3.5 "" "" "" "" 0.0
Car-1623 105R 4124.663 92.1 11.2 "" "" "" "" 0.0
Car-1624 105R 4124.663 106.4 2.0 "" "" "" "" 0.0
Car-1625 105R 4124.663 55.2 2.3 "" "" "" "" 0.0
Car-1626 105R 4124.663 26.9 1.1 "" "" "" "" 0.0
Car-1627 105R 4124.663 21.5 2.8 "" "" "" "" 0.0
Car-1628 105R 4124.663 17.6 3.1 "" "" "" "" 0.0
Car-1629 105R 4124.663 225.5 5.7 "" "" "" "" 0.862
Car-1630 105R 4124.663 20.9 5.7 "" "" "" "" 0.0
Car-1631 105R 4124.663 48.9 10.4 "" "" "" "" 0.0
Car-1632 105R 4124.663 39.5 2.2 "" "" "" "" 0.0
Car-1633 113B 4125.547 113.5 3.2 "" "" "" "" 0.0
Car-1634 113B 4125.547 149.6 1.4 "" "" "" "" 0.0
Car-1635 113B 4125.547 71.6 2.8 "" "" "" "" 0.0
Car-1636 113B 4125.547 222.5 5.5 "" "" "" "" 0.941
Car-1637 113B 4125.547 160.3 4.9 "" "" "" "" 0.0
Car-1638 113B 4125.547 106.2 5.1 "" "" "" "" 0.0
Car-1639 113B 4125.547 89.0 2.8 "" "" "" "" 0.0
Car-1640 113B 4125.547 60.7 1.9 "" "" "" "" 0.0
Car-1641 113B 4125.547 54.9 3.8 "" "" "" "" 0.0
Car-1642 113B 4125.547 67.2 3.3 "" "" "" "" 0.0
Car-1643 113B 4125.547 278.7 3.1 "" "" "" "" 0.0
Car-1644 113B 4125.547 78.3 1.6 "" "" "" "" 0.0
Car-1645 113B 4125.547 67.6 3.6 "" "" "" "" 0.0
Car-1646 113B 4125.547 218.6 3.7 "" "" "" "" 0.93
Car-1647 113B 4125.547 293.6 3.4 "" "" "" "" 0.0
Car-1648 113B 4125.547 28.1 1.9 "" "" "" "" 0.0
Car-1649 113B 4125.547 58.4 5.5 "" "" "" "" 0.0
Car-1650 113B 4125.547 48.3 3.5 "" "" "" "" 0.0
Car-1651 113B 4125.547 149.9 1.7 "" "" "" "" 0.0
Car-1652 113B 4125.547 286.3 5.5 "" "" "" "" 0.0
Car-1653 113B 4125.547 69.3 2.8 "" "" "" "" 0.0
Car-1654 113B 4125.547 127.9 1.8 "" "" "" "" 0.0
Car-1655 113B 4125.547 104.3 4.2 "" "" "" "" 0.0
Car-1656 113B 4125.547 264.5 3.0 "" "" "" "" 0.0
Car-1657 113B 4125.547 9.4 2.3 "" "" "" "" 0.0
Car-1658 113B 4125.547 196.2 3.7 "" "" "" "" 0.017
Car-1659 113B 4125.547 110.3 2.1 "" "" "" "" 0.0
Car-1660 113B 4125.547 95.7 3.4 "" "" "" "" 0.0
Car-1661 113B 4125.547 225.3 2.0 "" "" "" "" 0.942
Car-1662 113B 4125.547 89.8 2.6 "" "" "" "" 0.0
Car-1663 113B 4125.547 88.4 2.0 "" "" "" "" 0.0
Car-1664 113B 4125.547 114.5 2.7 "" "" "" "" 0.0
Car-1665 113B 4125.547 86.7 3.2 "" "" "" "" 0.0
Car-1666 113B 4125.547 90.1 1.2 "" "" "" "" 0.0
Car-1667 113B 4125.547 110.5 1.0 "" "" "" "" 0.0
Car-1668 113B 4125.547 51.4 0.9 "" "" "" "" 0.0
Car-1669 113B 4125.547 71.7 3.9 "" "" "" "" 0.0
Car-1670 113B 4125.547 61.8 5.0 "" "" "" "" 0.0
Car-1671 113B 4125.547 84.1 1.9 "" "" "" "" 0.0
Car-1672 113B 4125.547 47.8 1.6 "" "" "" "" 0.0
Car-1673 113B 4125.547 38.9 4.3 "" "" "" "" 0.0
Car-1674 113B 4125.547 68.2 4.8 "" "" "" "" 0.0
Car-1675 113B 4125.547 220.4 3.0 "" "" "" "" 0.984
Car-1676 113B 4125.547 305.4 2.4 "" "" "" "" 0.0
Car-1677 113B 4125.547 110.5 2.2 "" "" "" "" 0.0
Car-1678 113B 4125.547 45.2 2.6 "" "" "" "" 0.0
Car-1679 113B 4125.547 241.9 2.8 "" "" "" "" 0.647
Car-1680 113B 4125.547 73.0 0.9 "" "" "" "" 0.0
Car-1681 113B 4125.547 214.2 2.3 "" "" "" "" 0.947
Car-1682 113B 4125.547 88.8 3.6 "" "" "" "" 0.0
Car-1683 113B 4125.547 179.5 4.5 "" "" "" "" 0.0
Car-1684 113B 4125.547 60.8 3.9 "" "" "" "" 0.0
Car-1685 113B 4125.547 177.3 1.5 "" "" "" "" 0.0
Car-1686 113B 4125.547 231.1 2.9 "" "" "" "" 0.904
Car-1687 113B 4125.547 132.5 4.1 "" "" "" "" 0.0
Car-1688 113R 4125.547 173.4 6.0 "" "" "" "" 0.0
Car-1689 113R 4125.547 43.4 12.0 "" "" "" "" 0.0
Car-1690 113R 4125.547 201.4 3.2 "" "" "" "" 0.068
Car-1691 113R 4125.547 21.9 1.1 "" "" "" "" 0.0
Car-1692 113R 4125.547 63.3 3.0 "" "" "" "" 0.0
Car-1693 113R 4125.547 12.1 7.0 "" "" "" "" 0.0
Car-1694 113R 4125.547 74.6 3.9 "" "" "" "" 0.0
Car-1695 113R 4125.547 26.4 2.0 "" "" "" "" 0.0
Car-1696 113R 4125.547 111.2 1.5 "" "" "" "" 0.0
Car-1697 113R 4125.547 50.1 4.9 "" "" "" "" 0.0
Car-1698 113R 4125.547 48.2 1.3 "" "" "" "" 0.0
Car-1699 113R 4125.547 106.1 5.0 "" "" "" "" 0.0
Car-1700 113R 4125.547 75.4 3.5 "" "" "" "" 0.0
Car-1701 113R 4125.547 74.6 2.5 "" "" "" "" 0.0
Car-1702 113R 4125.547 143.9 1.7 "" "" "" "" 0.0
Car-1703 113R 4125.547 27.7 1.3 "" "" "" "" 0.0
Car-1704 113R 4125.547 231.2 3.1 "" "" "" "" 0.905
Car-1705 113R 4125.547 97.7 3.9 "" "" "" "" 0.0
Car-1706 113R 4125.547 18.1 1.4 "" "" "" "" 0.0
Car-1707 113R 4125.547 144.9 4.3 "" "" "" "" 0.0
Car-1708 113R 4125.547 209.2 4.5 "" "" "" "" 0.726
Car-1709 113R 4125.547 22.3 2.3 "" "" "" "" 0.0
Car-1710 113R 4125.547 74.8 1.5 "" "" "" "" 0.0
Car-1711 113R 4125.547 19.3 4.1 "" "" "" "" 0.0
