data/simon2020/table3.csv
# %ECSV 1.0
# ---
# datatype:
# - name: recno
#   datatype: int32
#   description: Record number assigned by the VizieR team. Should Not be used for identification.
#   meta: !!omap
#   - {ucd: RECORD}
#   - {width: 8}
# - name: Gal
#   datatype: string
#   description: Galaxy satellite ("GruII", "TucIV" or "TucV"); column added by CDS
#   meta: !!omap
#   - {ucd: ID_PARENT}
#   - {_votable_string_dtype: char}
# - name: DES
#   datatype: string
#   description: Identifier (JHHMMSS.ss+DDMMSS.s)
#   meta: !!omap
#   - {ucd: ID_MAIN}
#   - {_votable_string_dtype: char}
# - name: Nrv
#   datatype: int16
#   description: Number of HRV measurements for this DES source
#   meta: !!omap
#   - {ucd: NUMBER}
#   - {width: 3}
#   - values: {'null': -32768}
# - name: RAJ2000
#   unit: deg
#   datatype: float64
#   format: '{:9.5f}'
#   description: Right Ascension (J2000)
#   meta: !!omap
#   - {ucd: POS_EQ_RA_MAIN}
#   - {width: 9}
#   - {precision: '5'}
# - name: DEJ2000
#   unit: deg
#   datatype: float64
#   format: '{:9.5f}'
#   description: '[-63.34/-46.2] Declination (J2000)'
#   meta: !!omap
#   - {ucd: POS_EQ_DEC_MAIN}
#   - {width: 9}
#   - {precision: '5'}
# - name: gmag
#   unit: mag
#   datatype: float32
#   format: '{:5.2f}'
#   description: '[16.7/22] DES dereddened g band (AB) magnitude (G1)'
#   meta: !!omap
#   - {ucd: PHOT_SDSS_G}
#   - {width: 5}
#   - {precision: '2'}
# - name: rmag
#   unit: mag
#   datatype: float32
#   format: '{:5.2f}'
#   description: '[15.78/21.3] DES dereddened r band (Ab) magnitude (G1)'
#   meta: !!omap
#   - {ucd: PHOT_SDSS_R}
#   - {width: 5}
#   - {precision: '2'}
# - name: MJD
#   unit: d
#   datatype: float32
#   format: '{:7.1f}'
#   description: '[57247.4/58363.8] Modified Julian Date'
#   meta: !!omap
#   - {ucd: TIME_DATE}
#   - {width: 7}
#   - {precision: '1'}
# - name: S/N
#   datatype: float32
#   format: '{:5.1f}'
#   description: '[4/162] Signal to noise ratio'
#   meta: !!omap
#   - {ucd: INST_S/N}
#   - {width: 5}
#   - {precision: '1'}
# - name: HRV
#   unit: km / s
#   datatype: float32
#   format: '{:6.1f}'
#   description: '[-227/349] Heliocentric radial velocity'
#   meta: !!omap
#   - {ucd: VELOC_HC}
#   - {width: 6}
#   - {precision: '1'}
# - name: e_HRV
#   unit: km / s
#   datatype: float32
#   format: '{:4.1f}'
#   description: '[1/9.6] Uncertainty in HRV'
#   meta: !!omap
#   - {ucd: ERROR}
#   - {width: 4}
#   - {precision: '1'}
# - name: EW
#   unit: 0.1 nm
#   datatype: float32
#   format: '{:5.2f}'
#   description: '[0.4/8.3]? Ca triplet equivalent width'
#   meta: !!omap
#   - {ucd: SPECT_EQ-WIDTH}
#   - {width: 5}
#   - {precision: '2'}
#   - values: {'null': .nan}
# - name: e_EW
#   unit: 0.1 nm
#   datatype: float32
#   format: '{:5.2f}'
#   description: '[0.3/2]? Uncertainty in EW'
#   meta: !!omap
#   - {ucd: ERROR}
#   - {width: 5}
#   - {precision: '2'}
#   - values: {'null': .nan}
# - name: '[Fe/H]'
#   unit: log(Sun)
#   datatype: float32
#   format: '{:5.2f}'
#   description: '[-3.4/-1.5]? Metallicity'
#   meta: !!omap
#   - {ucd: PHYS_ABUND_FE/H}
#   - {width: 5}
#   - {precision: '2'}
#   - values: {'null': .nan}
# - name: e_[Fe/H]
#   unit: log(Sun)
#   datatype: float32
#   format: '{:5.2f}'
#   description: '[0.16/0.9]? Uncertainty in [Fe/H]'
#   meta: !!omap
#   - {ucd: ERROR}
#   - {width: 5}
#   - {precision: '2'}
#   - values: {'null': .nan}
# - name: Mm
#   datatype: uint8
#   description: '[0/1] Membership code (1)'
#   meta: !!omap
#   - {ucd: CODE_MEMB}
#   - {width: 1}
# - name: Simbad
#   datatype: string
#   description: Simbad column added by the CDS
#   meta: !!omap
#   - {ucd: DATA_LINK}
#   - {_votable_string_dtype: char}
#   - {_votable_arraysize: 6*}
# meta: !!omap
# - {ID: J_ApJ_892_137_table3}
# - {name: J/ApJ/892/137/table3}
# - {description: 'Magellan/Baade IMACS velocity and metallicity measurements for Gru II, Tuc IV, and Tuc V'}
# schema: astropy-2.0
recno Gal DES Nrv RAJ2000 DEJ2000 gmag rmag MJD S/N HRV e_HRV EW e_EW [Fe/H] e_[Fe/H] Mm Simbad
[from data line 294]
295 TucIV J000228.19-604814.3 6 0.61745 -60.80398 18.88 19.03 57346.1 13.4 8.7 2.6 "" "" "" "" 1 Simbad
296 TucIV J000228.19-604814.3 6 0.61745 -60.80398 18.88 19.03 57633.9 8.9 10.5 2.7 "" "" "" "" 1 Simbad
297 TucIV J000228.19-604814.3 6 0.61745 -60.80398 18.88 19.03 58339.2 15.9 24.4 1.6 "" "" "" "" 1 Simbad
298 TucIV J000228.19-604814.3 6 0.61745 -60.80398 18.88 19.03 58363.8 7.4 14.8 3.1 "" "" "" "" 1 Simbad
299 TucIV J000229.10-604831.4 5 0.62126 -60.80873 19.01 18.36 57247.4 19.2 73.0 1.6 5.68 0.45 "" "" 0 Simbad
300 TucIV J000229.10-604831.4 5 0.62126 -60.80873 19.01 18.36 57282.3 25.2 75.1 1.4 6.48 0.42 "" "" 0 Simbad
301 TucIV J000229.10-604831.4 5 0.62126 -60.80873 19.01 18.36 57346.1 30.8 74.0 1.1 5.68 0.37 "" "" 0 Simbad
302 TucIV J000229.10-604831.4 5 0.62126 -60.80873 19.01 18.36 57633.9 22.3 72.4 1.3 5.79 0.44 "" "" 0 Simbad
303 TucIV J000229.10-604831.4 5 0.62126 -60.80873 19.01 18.36 58339.2 34.3 73.2 1.1 5.22 0.39 "" "" 0 Simbad
304 TucIV J000229.39-605104.5 1 0.62247 -60.85125 19.82 19.54 57633.9 5.7 44.8 8.7 "" "" "" "" 0 Simbad
305 TucIV J000229.59-603817.6 1 0.62328 -60.63821 20.92 20.61 58339.3 4.8 61.2 8.8 "" "" "" "" 0 Simbad
306 TucIV J000230.25-604934.0 4 0.62606 -60.82611 17.34 16.61 57247.4 59.1 -12.4 1.2 6.41 0.34 "" "" 0 Simbad
307 TucIV J000230.25-604934.0 4 0.62606 -60.82611 17.34 16.61 57282.3 72.7 -12.1 1.2 6.35 0.33 "" "" 0 Simbad
308 TucIV J000230.25-604934.0 4 0.62606 -60.82611 17.34 16.61 57346.1 83.6 -12.4 1.0 6.33 0.33 "" "" 0 Simbad
309 TucIV J000230.25-604934.0 4 0.62606 -60.82611 17.34 16.61 58339.2 90.1 -13.5 1.0 5.59 0.33 "" "" 0 Simbad
310 TucIV J000230.83-605055.8 1 0.62846 -60.84883 20.83 20.24 58339.2 8.1 8.6 1.6 "" "" "" "" 0 Simbad
311 TucIV J000231.53-603939.8 1 0.63139 -60.66107 19.79 19.31 58339.3 15.4 72.1 1.5 5.0 0.59 "" "" 0 Simbad
312 TucIV J000232.01-604916.8 5 0.63339 -60.82132 18.84 18.47 57247.4 15.8 17.9 1.7 4.43 0.5 "" "" 0 Simbad
313 TucIV J000232.01-604916.8 5 0.63339 -60.82132 18.84 18.47 57282.3 20.3 20.7 1.4 3.94 0.44 "" "" 0 Simbad
314 TucIV J000232.01-604916.8 5 0.63339 -60.82132 18.84 18.47 57346.1 25.2 18.8 1.1 3.93 0.37 "" "" 0 Simbad
315 TucIV J000232.01-604916.8 5 0.63339 -60.82132 18.84 18.47 57633.9 17.6 17.5 1.3 4.38 0.46 "" "" 0 Simbad
316 TucIV J000232.01-604916.8 5 0.63339 -60.82132 18.84 18.47 58339.2 28.5 20.0 1.1 3.91 0.39 "" "" 0 Simbad
317 TucIV J000233.86-605439.5 5 0.6411 -60.91096 19.9 19.4 57247.4 7.4 9.8 2.0 2.51 0.83 -2.28 0.43 1 Simbad
318 TucIV J000233.86-605439.5 5 0.6411 -60.91096 19.9 19.4 57282.3 9.6 11.2 1.5 2.33 0.48 -2.38 0.26 1 Simbad
319 TucIV J000233.86-605439.5 5 0.6411 -60.91096 19.9 19.4 57346.1 13.0 7.4 1.4 3.07 0.45 -2.0 0.22 1 Simbad
320 TucIV J000233.86-605439.5 5 0.6411 -60.91096 19.9 19.4 57633.9 8.6 7.3 1.6 1.81 0.35 -2.67 0.23 1 Simbad
321 TucIV J000233.86-605439.5 5 0.6411 -60.91096 19.9 19.4 58339.2 15.7 9.9 1.4 "" "" "" "" 1 Simbad
322 TucIV J000234.73-605355.8 5 0.64469 -60.89883 19.42 18.85 57247.4 11.4 124.4 1.9 4.72 0.51 "" "" 0 Simbad
323 TucIV J000234.73-605355.8 5 0.64469 -60.89883 19.42 18.85 57282.3 12.6 155.1 4.4 6.62 0.57 "" "" 0 Simbad
324 TucIV J000234.73-605355.8 5 0.64469 -60.89883 19.42 18.85 57346.1 16.6 125.8 1.7 "" "" "" "" 0 Simbad
325 TucIV J000234.73-605355.8 5 0.64469 -60.89883 19.42 18.85 57633.9 13.1 131.7 2.7 "" "" "" "" 0 Simbad
326 TucIV J000234.73-605355.8 5 0.64469 -60.89883 19.42 18.85 58339.2 21.3 128.3 1.4 "" "" "" "" 0 Simbad
327 TucIV J000235.08-604431.2 1 0.64617 -60.742 20.2 19.9 58339.2 9.9 23.9 1.8 1.74 1.3 "" "" 0 Simbad
328 TucIV J000236.02-605220.5 2 0.65008 -60.87235 21.04 20.51 57346.1 4.1 87.2 5.3 "" "" "" "" 0 Simbad
329 TucIV J000236.02-605220.5 2 0.65008 -60.87235 21.04 20.51 58339.2 5.7 95.8 4.5 4.44 0.81 "" "" 0 Simbad
330 TucIV J000237.42-610020.3 1 0.65592 -61.00565 20.45 19.93 58340.3 13.6 135.6 1.5 4.26 0.52 "" "" 0 Simbad
331 TucIV J000238.21-605419.3 2 0.65921 -60.90537 17.06 16.21 57633.9 88.5 27.6 1.0 "" "" "" "" 0 Simbad
332 TucIV J000238.21-605419.3 2 0.65921 -60.90537 17.06 16.21 58339.2 103.1 40.4 1.0 6.78 0.33 "" "" 0 Simbad
333 TucIV J000239.73-604337.2 1 0.66556 -60.727 19.45 18.49 58339.2 34.0 63.6 1.1 5.69 0.37 "" "" 0 Simbad
334 TucIV J000240.86-604527.5 1 0.67025 -60.75763 21.47 20.65 58339.2 5.9 24.4 2.7 "" "" "" "" 0 Simbad
335 TucIV J000243.93-605518.0 4 0.68306 -60.92166 20.21 19.71 57247.4 5.1 100.4 4.0 5.88 0.96 "" "" 0 Simbad
336 TucIV J000243.93-605518.0 4 0.68306 -60.92166 20.21 19.71 57282.3 7.5 91.4 5.4 5.73 0.86 "" "" 0 Simbad
337 TucIV J000243.93-605518.0 4 0.68306 -60.92166 20.21 19.71 57346.1 10.0 97.0 2.5 3.48 0.69 "" "" 0 Simbad
338 TucIV J000243.93-605518.0 4 0.68306 -60.92166 20.21 19.71 57633.9 6.8 93.6 3.0 "" "" "" "" 0 Simbad
339 TucIV J000244.67-604819.1 2 0.68615 -60.80531 20.92 20.43 57282.3 4.1 35.8 5.8 "" "" "" "" 0 Simbad
340 TucIV J000244.67-604819.1 2 0.68615 -60.80531 20.92 20.43 58339.2 5.4 27.1 2.4 3.8 1.92 "" "" 0 Simbad
341 TucIV J000245.85-604839.2 5 0.69104 -60.81089 20.07 19.13 57247.4 11.3 113.8 2.2 6.07 0.68 "" "" 0 Simbad
342 TucIV J000245.85-604839.2 5 0.69104 -60.81089 20.07 19.13 57282.3 15.9 115.9 1.6 6.69 0.44 "" "" 0 Simbad
343 TucIV J000245.85-604839.2 5 0.69104 -60.81089 20.07 19.13 57346.1 19.2 115.3 1.5 "" "" "" "" 0 Simbad
344 TucIV J000245.85-604839.2 5 0.69104 -60.81089 20.07 19.13 57633.9 11.5 114.3 1.5 6.04 0.57 "" "" 0 Simbad
345 TucIV J000245.85-604839.2 5 0.69104 -60.81089 20.07 19.13 58339.2 22.0 112.4 1.3 6.0 0.43 "" "" 0 Simbad
346 TucIV J000246.64-604438.4 1 0.69433 -60.74401 18.3 18.0 58339.2 35.5 115.3 1.1 4.47 0.37 "" "" 0 Simbad
347 TucIV J000248.29-605445.2 4 0.70122 -60.91254 19.04 18.8 57247.4 10.9 194.3 2.1 1.56 0.44 "" "" 0 Simbad
348 TucIV J000248.29-605445.2 4 0.70122 -60.91254 19.04 18.8 57282.3 11.2 198.2 1.6 1.91 0.48 "" "" 0 Simbad
349 TucIV J000248.29-605445.2 4 0.70122 -60.91254 19.04 18.8 57346.1 14.4 201.1 1.5 "" "" "" "" 0 Simbad
350 TucIV J000248.29-605445.2 4 0.70122 -60.91254 19.04 18.8 57633.9 12.9 198.1 1.8 1.87 0.44 "" "" 0 Simbad
351 TucIV J000251.06-610131.1 1 0.71274 -61.02531 18.08 17.52 58340.3 65.1 -55.0 1.0 5.41 0.33 "" "" 0 Simbad
352 TucIV J000251.92-604820.8 6 0.71632 -60.80577 19.57 19.08 57247.4 10.2 11.6 1.6 2.98 1.16 -2.12 0.56 1 Simbad
353 TucIV J000251.92-604820.8 6 0.71632 -60.80577 19.57 19.08 57282.3 14.7 12.2 1.5 1.92 0.5 -2.67 0.3 1 Simbad
354 TucIV J000251.92-604820.8 6 0.71632 -60.80577 19.57 19.08 57346.1 17.9 8.4 1.2 1.71 0.37 -2.79 0.25 1 Simbad
355 TucIV J000251.92-604820.8 6 0.71632 -60.80577 19.57 19.08 57633.9 12.2 7.6 1.6 1.71 0.37 -2.8 0.25 1 Simbad
356 TucIV J000251.92-604820.8 6 0.71632 -60.80577 19.57 19.08 58339.2 18.2 8.5 1.2 1.98 0.37 -2.64 0.22 1 Simbad
357 TucIV J000251.92-604820.8 6 0.71632 -60.80577 19.57 19.08 58363.8 10.8 10.5 1.7 2.13 0.45 -2.55 0.25 1 Simbad
358 TucIV J000252.35-604407.2 1 0.71812 -60.73533 20.85 20.25 58339.2 6.9 162.0 2.8 4.89 0.7 "" "" 0 Simbad
359 TucIV J000252.68-604750.4 1 0.7195 -60.79733 20.69 20.03 58339.2 9.2 104.1 2.0 5.03 0.73 "" "" 0 Simbad
360 TucIV J000252.79-605346.8 4 0.71997 -60.89634 20.62 20.11 57282.3 5.2 -4.1 2.8 3.02 0.82 "" "" 0 Simbad
361 TucIV J000252.79-605346.8 4 0.71997 -60.89634 20.62 20.11 57346.1 6.8 -5.2 2.6 4.36 0.7 "" "" 0 Simbad
362 TucIV J000252.79-605346.8 4 0.71997 -60.89634 20.62 20.11 57633.9 5.0 -7.5 6.3 "" "" "" "" 0 Simbad
363 TucIV J000252.79-605346.8 4 0.71997 -60.89634 20.62 20.11 58339.2 7.4 -4.9 2.3 4.86 0.8 "" "" 0 Simbad
364 TucIV J000253.10-610013.5 1 0.72126 -61.00374 20.13 19.88 58340.3 12.1 226.0 1.7 1.8 0.46 "" "" 0 Simbad
365 TucIV J000254.13-604625.3 1 0.72555 -60.7737 20.44 20.07 58339.2 7.4 272.1 2.5 2.62 0.72 "" "" 0 Simbad
366 TucIV J000254.31-603806.0 1 0.72628 -60.635 20.21 19.93 58339.3 8.2 133.9 1.8 2.66 0.6 "" "" 0 Simbad
367 TucIV J000257.02-605140.0 6 0.73757 -60.86111 20.27 19.8 57247.4 5.1 14.7 2.8 2.67 0.57 -2.12 0.3 1 Simbad
368 TucIV J000257.02-605140.0 6 0.73757 -60.86111 20.27 19.8 57282.3 8.2 15.0 2.0 2.05 0.4 -2.45 0.24 1 Simbad
369 TucIV J000257.02-605140.0 6 0.73757 -60.86111 20.27 19.8 57346.1 10.3 14.9 2.1 2.97 0.52 -1.97 0.26 1 Simbad
370 TucIV J000257.02-605140.0 6 0.73757 -60.86111 20.27 19.8 57633.9 6.1 20.5 2.1 1.71 0.55 -2.66 0.36 1 Simbad
371 TucIV J000257.02-605140.0 6 0.73757 -60.86111 20.27 19.8 58339.2 10.9 15.2 1.5 3.0 0.6 -1.95 0.3 1 Simbad
372 TucIV J000257.02-605140.0 6 0.73757 -60.86111 20.27 19.8 58363.8 5.1 18.6 3.0 2.75 0.96 -2.08 0.49 1 Simbad
373 TucIV J000257.12-604330.2 1 0.73798 -60.72506 20.62 20.37 58339.2 4.6 298.0 2.9 "" "" "" "" 0 Simbad
374 TucIV J000300.17-604040.9 2 0.75069 -60.67802 20.31 19.47 58339.2 13.5 -4.3 1.6 4.28 0.56 "" "" 0 Simbad
375 TucIV J000300.17-604040.9 2 0.75069 -60.67802 20.31 19.47 58339.3 11.9 -1.5 1.5 5.31 0.64 "" "" 0 Simbad
376 TucIV J000300.40-605144.8 1 0.75167 -60.86244 20.45 20.16 57633.9 4.8 -205.4 5.2 "" "" "" "" 0 Simbad
377 TucIV J000301.29-610447.0 1 0.75539 -61.07972 18.94 18.01 58340.3 52.0 4.5 1.0 6.13 0.34 "" "" 0 Simbad
378 TucIV J000302.47-610611.2 1 0.76029 -61.10312 20.8 20.13 58340.3 8.9 61.4 2.2 5.89 0.79 "" "" 0 Simbad
379 TucIV J000302.63-604730.5 1 0.76096 -60.79181 20.78 19.92 58339.2 10.9 52.5 1.6 7.22 0.58 "" "" 0 Simbad
380 TucIV J000303.55-605025.3 6 0.7648 -60.84036 18.79 18.88 57247.4 8.6 22.1 2.7 "" "" "" "" 1 Simbad
381 TucIV J000303.55-605025.3 6 0.7648 -60.84036 18.79 18.88 57282.3 9.2 18.5 2.0 "" "" "" "" 1 Simbad
382 TucIV J000303.55-605025.3 6 0.7648 -60.84036 18.79 18.88 57346.1 10.0 19.9 3.5 "" "" "" "" 1 Simbad
383 TucIV J000303.55-605025.3 6 0.7648 -60.84036 18.79 18.88 57633.9 7.7 11.7 2.3 "" "" "" "" 1 Simbad
384 TucIV J000303.55-605025.3 6 0.7648 -60.84036 18.79 18.88 58339.2 15.3 20.5 1.7 "" "" "" "" 1 Simbad
385 TucIV J000303.55-605025.3 6 0.7648 -60.84036 18.79 18.88 58363.8 9.1 16.9 2.6 "" "" "" "" 1 Simbad
386 TucIV J000304.42-603742.9 1 0.76843 -60.62858 21.04 20.47 58339.3 5.2 52.5 3.9 6.38 1.17 "" "" 0 Simbad
387 TucIV J000305.83-611143.7 1 0.77431 -61.19548 18.8 18.22 58340.1 15.7 17.7 1.1 2.57 0.4 -2.49 0.2 1 Simbad
388 TucIV J000307.48-604800.5 4 0.78119 -60.80013 19.15 18.33 57247.4 16.0 7.0 1.7 "" "" "" "" 0 Simbad
389 TucIV J000307.48-604800.5 4 0.78119 -60.80013 19.15 18.33 57282.3 27.2 2.4 1.3 "" "" "" "" 0 Simbad
390 TucIV J000307.48-604800.5 4 0.78119 -60.80013 19.15 18.33 57346.1 32.0 3.7 1.1 6.05 0.37 "" "" 0 Simbad
391 TucIV J000307.48-604800.5 4 0.78119 -60.80013 19.15 18.33 58339.2 30.9 5.4 1.1 6.25 0.37 "" "" 0 Simbad
392 TucIV J000308.38-610123.0 1 0.78492 -61.02305 20.57 19.74 58340.3 16.3 67.4 4.4 7.24 0.9 "" "" 0 Simbad
393 TucIV J000308.56-604725.3 1 0.78568 -60.79037 18.67 18.37 58339.2 26.2 189.4 1.1 2.22 0.41 "" "" 0 Simbad
394 TucIV J000311.46-604451.5 3 0.79776 -60.74764 18.11 17.35 57247.4 41.7 14.6 1.2 5.18 0.35 "" "" 0 Simbad
395 TucIV J000311.46-604451.5 3 0.79776 -60.74764 18.11 17.35 57282.3 52.4 14.6 1.2 5.23 0.34 "" "" 0 Simbad
396 TucIV J000311.46-604451.5 3 0.79776 -60.74764 18.11 17.35 57346.1 60.2 14.9 1.0 5.32 0.33 "" "" 0 Simbad
397 TucIV J000312.54-605608.4 1 0.80225 -60.93566 18.99 18.66 57633.9 14.3 155.1 1.4 2.55 0.57 "" "" 0 Simbad
398 TucIV J000313.03-604332.5 3 0.8043 -60.72569 19.11 18.89 57247.4 10.8 35.8 1.9 1.5 0.54 "" "" 0 Simbad
399 TucIV J000313.03-604332.5 3 0.8043 -60.72569 19.11 18.89 57282.3 14.3 37.9 1.8 2.41 0.72 "" "" 0 Simbad
400 TucIV J000313.03-604332.5 3 0.8043 -60.72569 19.11 18.89 57346.1 17.5 38.4 1.3 1.65 0.37 "" "" 0 Simbad
401 TucIV J000313.56-610318.4 1 0.80648 -61.05511 20.75 20.28 58340.3 7.7 -10.4 2.0 2.23 0.8 "" "" 0 Simbad
402 TucIV J000314.87-603722.3 1 0.81198 -60.62286 20.42 19.96 58339.3 9.2 117.1 1.9 2.73 0.44 "" "" 0 Simbad
403 TucIV J000315.49-604456.1 3 0.81454 -60.74891 20.01 19.79 57247.4 5.1 -23.7 2.8 "" "" "" "" 0 Simbad
404 TucIV J000315.49-604456.1 3 0.81454 -60.74891 20.01 19.79 57282.3 6.8 -17.6 2.9 2.12 0.76 "" "" 0 Simbad
405 TucIV J000315.49-604456.1 3 0.81454 -60.74891 20.01 19.79 57346.1 7.7 -16.7 2.0 1.98 0.51 "" "" 0 Simbad
406 TucIV J000317.46-604733.8 2 0.82274 -60.79271 20.84 20.4 57282.3 4.2 113.6 8.4 "" "" "" "" 0 Simbad
407 TucIV J000317.46-604733.8 2 0.82274 -60.79271 20.84 20.4 57346.1 5.8 106.0 7.7 4.41 0.55 "" "" 0 Simbad
408 TucIV J000317.78-604652.2 3 0.82407 -60.78116 19.71 19.23 57247.4 7.9 38.8 2.7 "" "" "" "" 0 Simbad
409 TucIV J000317.78-604652.2 3 0.82407 -60.78116 19.71 19.23 57282.3 11.9 31.8 2.0 "" "" "" "" 0 Simbad
410 TucIV J000317.78-604652.2 3 0.82407 -60.78116 19.71 19.23 57346.1 14.3 32.3 1.4 5.9 0.64 "" "" 0 Simbad
411 TucIV J000321.45-604246.1 4 0.83939 -60.71282 20.02 19.66 57247.4 5.3 215.7 3.8 1.6 0.58 "" "" 0 Simbad
412 TucIV J000321.45-604246.1 4 0.83939 -60.71282 20.02 19.66 57282.3 7.2 223.2 2.2 "" "" "" "" 0 Simbad
413 TucIV J000321.45-604246.1 4 0.83939 -60.71282 20.02 19.66 57346.1 9.4 219.8 1.8 "" "" "" "" 0 Simbad
414 TucIV J000321.45-604246.1 4 0.83939 -60.71282 20.02 19.66 58339.2 7.5 222.2 2.6 "" "" "" "" 0 Simbad
415 TucIV J000324.55-604319.0 3 0.85231 -60.72195 18.82 18.54 57247.4 14.7 126.0 2.6 0.63 0.38 "" "" 0 Simbad
416 TucIV J000324.55-604319.0 3 0.85231 -60.72195 18.82 18.54 57282.3 18.6 127.4 3.2 0.44 0.32 "" "" 0 Simbad
417 TucIV J000324.55-604319.0 3 0.85231 -60.72195 18.82 18.54 57346.1 22.2 130.7 1.4 1.3 0.35 "" "" 0 Simbad
418 TucIV J000326.98-604234.8 2 0.8624 -60.70968 20.91 20.46 57282.3 4.1 22.3 2.8 3.05 0.51 -1.79 0.26 1 Simbad
419 TucIV J000326.98-604234.8 2 0.8624 -60.70968 20.91 20.46 57346.1 5.4 17.5 3.0 1.87 0.67 -2.43 0.42 1 Simbad
420 TucIV J000329.11-604847.0 3 0.87129 -60.81306 19.7 18.93 57247.4 12.4 56.8 1.8 6.24 0.8 "" "" 0 Simbad
421 TucIV J000329.11-604847.0 3 0.87129 -60.81306 19.7 18.93 57282.3 15.4 57.6 1.6 7.12 0.53 "" "" 0 Simbad
422 TucIV J000329.11-604847.0 3 0.87129 -60.81306 19.7 18.93 57346.1 18.8 55.7 1.3 6.23 0.44 "" "" 0 Simbad
423 TucIV J000331.90-604623.1 3 0.88292 -60.77307 19.33 18.46 57247.4 17.9 54.3 1.5 6.64 0.41 "" "" 0 Simbad
424 TucIV J000331.90-604623.1 3 0.88292 -60.77307 19.33 18.46 57282.3 22.4 55.0 1.4 6.38 0.42 "" "" 0 Simbad
425 TucIV J000331.90-604623.1 3 0.88292 -60.77307 19.33 18.46 57346.1 27.4 57.2 1.1 5.91 0.4 "" "" 0 Simbad
426 TucIV J000335.45-604829.5 3 0.89771 -60.80821 20.25 19.76 57247.4 5.7 -43.4 6.2 3.3 0.69 "" "" 0 Simbad
427 TucIV J000335.45-604829.5 3 0.89771 -60.80821 20.25 19.76 57282.3 6.5 -33.8 2.6 "" "" "" "" 0 Simbad
428 TucIV J000335.45-604829.5 3 0.89771 -60.80821 20.25 19.76 57346.1 8.9 -34.8 2.0 4.49 0.71 "" "" 0 Simbad
429 TucIV J000344.06-604804.7 3 0.93358 -60.8013 18.84 19.0 57247.4 6.3 21.4 3.7 "" "" "" "" 1 Simbad
430 TucIV J000344.06-604804.7 3 0.93358 -60.8013 18.84 19.0 57282.3 8.4 20.7 2.7 "" "" "" "" 1 Simbad
431 TucIV J000344.06-604804.7 3 0.93358 -60.8013 18.84 19.0 57346.1 11.5 21.1 1.9 "" "" "" "" 1 Simbad
432 TucIV J000352.62-604702.5 3 0.96924 -60.78402 19.79 19.48 57247.4 5.9 143.3 2.6 3.45 0.44 "" "" 0 Simbad
433 TucIV J000352.62-604702.5 3 0.96924 -60.78402 19.79 19.48 57282.3 6.8 144.6 2.2 4.11 0.62 "" "" 0 Simbad
434 TucIV J000352.62-604702.5 3 0.96924 -60.78402 19.79 19.48 57346.1 9.2 146.0 1.8 4.09 0.66 "" "" 0 Simbad
435 TucIV J000415.35-605008.7 1 1.06395 -60.83574 19.64 19.02 57982.1 11.4 117.1 2.1 4.55 0.51 "" "" 0 Simbad
436 TucIV J000423.90-604805.4 1 1.09957 -60.80151 18.01 17.46 57982.1 31.0 88.5 1.1 5.13 0.37 "" "" 0 Simbad
437 TucIV J000424.12-605043.5 1 1.1005 -60.84542 21.21 20.23 57982.1 4.5 110.8 2.7 "" "" "" "" 0 Simbad
438 TucIV J000426.13-604911.2 1 1.10889 -60.81978 20.02 19.59 57982.1 6.5 177.6 2.3 3.28 0.65 "" "" 0 Simbad
439 TucIV J000429.02-604242.2 1 1.12092 -60.71172 19.9 19.31 57982.1 9.3 14.6 1.7 5.43 0.57 "" "" 0 Simbad
440 TucIV J000431.02-604323.7 1 1.12926 -60.72325 20.83 19.87 57982.1 6.8 18.2 1.7 5.89 0.61 "" "" 0 Simbad
441 TucIV J000433.12-604733.9 1 1.13802 -60.79274 19.02 18.59 57982.1 14.2 106.1 1.6 "" "" "" "" 0 Simbad
