data/simon2020/table3.csv
# %ECSV 1.0
# ---
# datatype:
# - name: recno
#   datatype: int32
#   description: Record number assigned by the VizieR team. Should Not be used for identification.
#   meta: !!omap
#   - {ucd: RECORD}
#   - {width: 8}
# - name: Gal
#   datatype: string
#   description: Galaxy satellite ("GruII", "TucIV" or "TucV"); column added by CDS
#   meta: !!omap
#   - {ucd: ID_PARENT}
#   - {_votable_string_dtype: char}
# - name: DES
#   datatype: string
#   description: Identifier (JHHMMSS.ss+DDMMSS.s)
#   meta: !!omap
#   - {ucd: ID_MAIN}
#   - {_votable_string_dtype: char}
# - name: Nrv
#   datatype: int16
#   description: Number of HRV measurements for this DES source
#   meta: !!omap
#   - {ucd: NUMBER}
#   - {width: 3}
#   - values: {'null': -32768}
# - name: RAJ2000
#   unit: deg
#   datatype: float64
#   format: '{:9.5f}'
#   description: Right Ascension (J2000)
#   meta: !!omap
#   - {ucd: POS_EQ_RA_MAIN}
#   - {width: 9}
#   - {precision: '5'}
# - name: DEJ2000
#   unit: deg
#   datatype: float64
#   format: '{:9.5f}'
#   description: '[-63.34/-46.2] Declination (J2000)'
#   meta: !!omap
#   - {ucd: POS_EQ_DEC_MAIN}
#   - {width: 9}
#   - {precision: '5'}
# - name: gmag
#   unit: mag
#   datatype: float32
#   format: '{:5.2f}'
#   description: '[16.7/22] DES dereddened g band (AB) magnitude (G1)'
#   meta: !!omap
#   - {ucd: PHOT_SDSS_G}
#   - {width: 5}
#   - {precision: '2'}
# - name: rmag
#   unit: mag
#   datatype: float32
#   format: '{:5.2f}'
#   description: '[15.78/21.3] DES dereddened r band (Ab) magnitude (G1)'
#   meta: !!omap
#   - {ucd: PHOT_SDSS_R}
#   - {width: 5}
#   - {precision: '2'}
# - name: MJD
#   unit: d
#   datatype: float32
#   format: '{:7.1f}'
#   description: '[57247.4/58363.8] Modified Julian Date'
#   meta: !!omap
#   - {ucd: TIME_DATE}
#   - {width: 7}
#   - {precision: '1'}
# - name: S/N
#   datatype: float32
#   format: '{:5.1f}'
#   description: '[4/162] Signal to noise ratio'
#   meta: !!omap
#   - {ucd: INST_S/N}
#   - {width: 5}
#   - {precision: '1'}
# - name: HRV
#   unit: km / s
#   datatype: float32
#   format: '{:6.1f}'
#   description: '[-227/349] Heliocentric radial velocity'
#   meta: !!omap
#   - {ucd: VELOC_HC}
#   - {width: 6}
#   - {precision: '1'}
# - name: e_HRV
#   unit: km / s
#   datatype: float32
#   format: '{:4.1f}'
#   description: '[1/9.6] Uncertainty in HRV'
#   meta: !!omap
#   - {ucd: ERROR}
#   - {width: 4}
#   - {precision: '1'}
# - name: EW
#   unit: 0.1 nm
#   datatype: float32
#   format: '{:5.2f}'
#   description: '[0.4/8.3]? Ca triplet equivalent width'
#   meta: !!omap
#   - {ucd: SPECT_EQ-WIDTH}
#   - {width: 5}
#   - {precision: '2'}
#   - values: {'null': .nan}
# - name: e_EW
#   unit: 0.1 nm
#   datatype: float32
#   format: '{:5.2f}'
#   description: '[0.3/2]? Uncertainty in EW'
#   meta: !!omap
#   - {ucd: ERROR}
#   - {width: 5}
#   - {precision: '2'}
#   - values: {'null': .nan}
# - name: '[Fe/H]'
#   unit: log(Sun)
#   datatype: float32
#   format: '{:5.2f}'
#   description: '[-3.4/-1.5]? Metallicity'
#   meta: !!omap
#   - {ucd: PHYS_ABUND_FE/H}
#   - {width: 5}
#   - {precision: '2'}
#   - values: {'null': .nan}
# - name: e_[Fe/H]
#   unit: log(Sun)
#   datatype: float32
#   format: '{:5.2f}'
#   description: '[0.16/0.9]? Uncertainty in [Fe/H]'
#   meta: !!omap
#   - {ucd: ERROR}
#   - {width: 5}
#   - {precision: '2'}
#   - values: {'null': .nan}
# - name: Mm
#   datatype: uint8
#   description: '[0/1] Membership code (1)'
#   meta: !!omap
#   - {ucd: CODE_MEMB}
#   - {width: 1}
# - name: Simbad
#   datatype: string
#   description: Simbad column added by the CDS
#   meta: !!omap
#   - {ucd: DATA_LINK}
#   - {_votable_string_dtype: char}
#   - {_votable_arraysize: 6*}
# meta: !!omap
# - {ID: J_ApJ_892_137_table3}
# - {name: J/ApJ/892/137/table3}
# - {description: 'Magellan/Baade IMACS velocity and metallicity measurements for Gru II, Tuc IV, and Tuc V'}
# schema: astropy-2.0
recno Gal DES Nrv RAJ2000 DEJ2000 gmag rmag MJD S/N HRV e_HRV EW e_EW [Fe/H] e_[Fe/H] Mm Simbad
1 GruII J220255.41-462538.9 1 330.73088 -46.42747 19.18 19.24 58363.6 5.9 -104.4 3.3 "" "" "" "" 1 Simbad
2 GruII J220304.94-462841.7 1 330.77059 -46.47824 20.59 20.09 57282.6 11.8 -142.7 4.1 5.98 0.61 "" "" 0 Simbad
3 GruII J220308.10-462259.2 1 330.78377 -46.38312 20.15 19.25 58363.6 8.6 107.3 2.7 "" "" "" "" 0 Simbad
4 GruII J220309.37-462634.2 1 330.78903 -46.44283 18.44 17.57 58363.6 34.5 23.4 1.2 5.65 0.38 "" "" 0 Simbad
5 GruII J220309.47-463255.6 2 330.78944 -46.54878 18.69 18.08 57282.6 45.7 40.4 1.2 5.75 0.36 "" "" 0 Simbad
6 GruII J220309.47-463255.6 2 330.78944 -46.54878 18.69 18.08 57634.4 18.4 41.8 1.5 5.76 0.49 "" "" 0 Simbad
7 GruII J220310.98-462848.8 1 330.79573 -46.48023 18.78 18.43 58363.6 16.6 42.2 1.4 3.95 0.45 "" "" 0 Simbad
8 GruII J220311.39-462555.3 1 330.79746 -46.43203 19.48 19.12 58363.6 8.3 -18.3 1.7 2.56 0.55 "" "" 0 Simbad
9 GruII J220311.75-462652.7 1 330.79897 -46.44796 21.15 20.64 57980.9 5.6 69.2 3.2 4.01 1.81 "" "" 0 Simbad
10 GruII J220312.90-463312.1 2 330.80374 -46.55336 19.61 18.95 57282.6 26.1 -13.9 1.4 5.75 0.41 "" "" 0 Simbad
11 GruII J220312.90-463312.1 2 330.80374 -46.55336 19.61 18.95 57634.4 8.4 -16.0 2.9 "" "" "" "" 0 Simbad
12 GruII J220313.41-462241.5 1 330.80588 -46.37818 19.69 18.73 58363.6 14.9 122.4 1.4 5.61 0.57 "" "" 0 Simbad
13 GruII J220313.53-462621.9 1 330.80637 -46.43942 20.03 19.64 58363.6 4.7 55.8 8.9 4.47 1.68 "" "" 0 Simbad
14 GruII J220314.13-463100.7 2 330.80889 -46.51686 18.08 17.61 57282.6 61.8 28.9 1.2 5.18 0.33 "" "" 0 Simbad
15 GruII J220314.13-463100.7 2 330.80889 -46.51686 18.08 17.61 57634.4 26.6 27.9 1.2 4.87 0.39 "" "" 0 Simbad
16 GruII J220314.15-462843.3 1 330.80896 -46.4787 21.01 20.65 57282.6 6.5 -85.5 2.7 "" "" "" "" 0 Simbad
17 GruII J220314.21-463009.5 1 330.80921 -46.50264 20.82 20.64 57282.6 6.1 211.0 8.6 "" "" "" "" 0 Simbad
18 GruII J220314.90-462411.5 1 330.81206 -46.40319 20.57 19.6 58363.6 6.0 76.8 4.8 "" "" "" "" 0 Simbad
19 GruII J220317.46-463422.5 1 330.82275 -46.57291 20.11 20.02 57282.6 8.4 3.0 3.2 "" "" "" "" 0 Simbad
20 GruII J220319.25-461704.8 2 330.83022 -46.28466 20.53 19.98 57284.1 4.8 9.0 4.5 6.52 1.13 "" "" 0 Simbad
21 GruII J220319.25-461704.8 2 330.83022 -46.28466 20.53 19.98 57630.5 6.2 22.0 3.3 4.06 0.73 "" "" 0 Simbad
22 GruII J220320.45-462643.1 2 330.83523 -46.4453 20.7 20.24 57282.6 8.7 -107.7 2.2 1.93 0.51 -2.51 0.31 1 Simbad
23 GruII J220320.45-462643.1 2 330.83523 -46.4453 20.7 20.24 57980.9 8.8 -112.2 1.8 "" "" "" "" 1 Simbad
24 GruII J220320.50-461625.5 2 330.8354 -46.27376 18.1 17.65 57284.1 28.4 83.2 1.4 "" "" "" "" 0 Simbad
25 GruII J220320.50-461625.5 2 330.8354 -46.27376 18.1 17.65 57630.5 33.8 81.9 1.1 "" "" "" "" 0 Simbad
26 GruII J220321.53-462959.8 2 330.8397 -46.49995 21.09 20.2 57282.6 11.6 -8.1 1.8 6.97 0.77 "" "" 0 Simbad
27 GruII J220321.53-462959.8 2 330.8397 -46.49995 21.09 20.2 57634.4 4.1 1.2 7.8 5.27 1.09 "" "" 0 Simbad
28 GruII J220321.61-462415.1 1 330.84004 -46.40419 18.25 18.0 58363.6 19.8 266.3 1.4 2.46 0.44 "" "" 0 Simbad
29 GruII J220321.76-462903.4 2 330.84065 -46.48428 18.95 18.65 57980.9 29.4 75.0 1.1 1.86 0.36 "" "" 0 Simbad
30 GruII J220321.76-462903.4 2 330.84065 -46.48428 18.95 18.65 58363.6 13.6 73.1 1.7 1.67 0.52 "" "" 0 Simbad
31 GruII J220323.47-462156.4 1 330.8478 -46.36568 18.15 17.44 58363.6 30.4 40.9 1.1 6.5 0.4 "" "" 0 Simbad
32 GruII J220325.79-461617.0 1 330.85748 -46.27139 20.69 20.22 57630.5 4.4 -50.8 5.5 "" "" "" "" 0 Simbad
33 GruII J220327.16-462556.8 2 330.86315 -46.43243 19.47 19.26 57282.6 16.7 -96.5 1.8 2.16 0.4 "" "" 0 Simbad
34 GruII J220327.16-462556.8 2 330.86315 -46.43243 19.47 19.26 57634.4 7.5 -98.7 2.6 "" "" "" "" 0 Simbad
35 GruII J220327.63-461331.2 1 330.86514 -46.22534 20.95 20.49 57630.5 4.2 16.9 2.7 4.0 1.19 "" "" 0 Simbad
36 GruII J220328.27-462809.5 1 330.8678 -46.46932 21.53 21.11 57980.9 4.0 207.1 5.5 "" "" "" "" 0 Simbad
37 GruII J220328.29-462639.1 3 330.86788 -46.4442 17.36 16.37 57311.3 97.6 26.8 1.2 6.59 0.33 "" "" 0 Simbad
38 GruII J220328.29-462639.1 3 330.86788 -46.4442 17.36 16.37 57980.9 161.7 27.2 1.0 6.2 0.32 "" "" 0 Simbad
39 GruII J220328.29-462639.1 3 330.86788 -46.4442 17.36 16.37 58363.6 74.5 28.4 1.0 "" "" "" "" 0 Simbad
40 GruII J220329.50-461651.5 2 330.8729 -46.28096 19.28 19.02 57284.1 9.1 -102.9 2.8 "" "" "" "" 0 Simbad
41 GruII J220329.50-461651.5 2 330.8729 -46.28096 19.28 19.02 57630.5 12.0 -121.0 3.9 "" "" "" "" 0 Simbad
42 GruII J220330.02-463132.8 1 330.87509 -46.52577 20.97 20.58 57282.6 6.9 74.1 2.2 4.63 0.96 "" "" 0 Simbad
43 GruII J220331.60-463218.5 3 330.88165 -46.53847 19.41 19.06 57282.6 23.0 -179.9 1.3 2.75 0.36 "" "" 0 Simbad
44 GruII J220331.60-463218.5 3 330.88165 -46.53847 19.41 19.06 57634.4 7.6 -181.1 2.6 3.54 0.81 "" "" 0 Simbad
45 GruII J220331.60-463218.5 3 330.88165 -46.53847 19.41 19.06 58363.6 9.6 -180.5 2.1 "" "" "" "" 0 Simbad
46 GruII J220331.94-463147.3 1 330.88308 -46.52979 20.83 20.31 57282.6 8.8 111.3 2.2 "" "" "" "" 0 Simbad
47 GruII J220333.98-461558.5 2 330.89157 -46.26625 19.18 18.59 57284.1 11.0 46.1 2.0 "" "" "" "" 0 Simbad
48 GruII J220333.98-461558.5 2 330.89157 -46.26625 19.18 18.59 57630.5 16.6 46.2 1.3 6.06 0.48 "" "" 0 Simbad
49 GruII J220334.56-461717.1 2 330.89399 -46.28808 18.73 18.01 57284.1 25.3 31.7 1.3 "" "" "" "" 0 Simbad
50 GruII J220334.56-461717.1 2 330.89399 -46.28808 18.73 18.01 57630.5 30.5 32.3 1.1 "" "" "" "" 0 Simbad
51 GruII J220334.66-461651.0 2 330.89443 -46.28083 20.55 20.0 57284.1 5.5 217.6 5.7 "" "" "" "" 0 Simbad
52 GruII J220334.66-461651.0 2 330.89443 -46.28083 20.55 20.0 57630.5 6.7 199.7 2.2 5.67 1.02 "" "" 0 Simbad
53 GruII J220334.94-461900.4 2 330.89558 -46.31677 19.73 19.22 57284.1 10.1 60.2 4.7 5.48 1.23 "" "" 0 Simbad
54 GruII J220334.94-461900.4 2 330.89558 -46.31677 19.73 19.22 57630.5 12.5 31.5 1.6 4.06 0.47 "" "" 0 Simbad
55 GruII J220336.21-462534.5 2 330.90087 -46.42624 19.73 19.36 57980.9 18.1 235.0 1.4 1.59 0.36 "" "" 0 Simbad
56 GruII J220336.21-462534.5 2 330.90087 -46.42624 19.73 19.36 58363.6 5.6 229.4 7.3 "" "" "" "" 0 Simbad
57 GruII J220336.91-463003.7 2 330.90378 -46.50102 17.96 17.41 57980.9 80.0 -82.9 1.0 5.83 0.33 "" "" 0 Simbad
58 GruII J220336.91-463003.7 2 330.90378 -46.50102 17.96 17.41 58363.6 33.7 -82.5 1.1 5.68 0.37 "" "" 0 Simbad
59 GruII J220337.18-462814.1 1 330.90492 -46.47057 18.73 18.26 57980.9 45.7 -5.3 1.0 3.3 0.34 "" "" 0 Simbad
60 GruII J220338.48-461852.7 2 330.91032 -46.31465 20.26 19.63 57284.1 7.3 1.8 2.3 6.46 0.93 "" "" 0 Simbad
61 GruII J220338.48-461852.7 2 330.91032 -46.31465 20.26 19.63 57630.5 9.3 -1.5 2.0 7.27 0.83 "" "" 0 Simbad
62 GruII J220339.17-461240.7 2 330.91322 -46.21132 18.94 18.46 57284.1 16.8 0.3 3.8 4.5 0.52 "" "" 0 Simbad
63 GruII J220339.17-461240.7 2 330.91322 -46.21132 18.94 18.46 57630.5 20.8 5.7 2.7 4.4 0.53 "" "" 0 Simbad
64 GruII J220341.29-462759.5 3 330.92203 -46.46654 19.11 19.16 57311.3 12.7 -106.9 1.9 "" "" "" "" 1 Simbad
65 GruII J220341.29-462759.5 3 330.92203 -46.46654 19.11 19.16 57980.9 19.4 -107.2 1.4 "" "" "" "" 1 Simbad
66 GruII J220341.29-462759.5 3 330.92203 -46.46654 19.11 19.16 58363.6 7.1 -111.9 2.7 "" "" "" "" 1 Simbad
67 GruII J220342.72-462623.0 5 330.928 -46.43971 17.17 16.42 57282.6 140.7 -4.2 1.2 6.21 0.32 "" "" 0 Simbad
68 GruII J220342.72-462623.0 5 330.928 -46.43971 17.17 16.42 57634.4 67.7 -7.2 1.0 "" "" "" "" 0 Simbad
69 GruII J220342.72-462623.0 5 330.928 -46.43971 17.17 16.42 57980.9 139.5 -7.9 1.0 5.53 0.32 "" "" 0 Simbad
70 GruII J220342.72-462623.0 5 330.928 -46.43971 17.17 16.42 58339.5 95.4 -8.5 1.0 6.21 0.33 "" "" 0 Simbad
71 GruII J220342.72-462623.0 5 330.928 -46.43971 17.17 16.42 58363.6 64.7 -7.7 1.0 6.0 0.33 "" "" 0 Simbad
72 GruII J220342.76-462536.5 1 330.92816 -46.42681 19.55 19.27 57311.3 11.9 -109.8 2.1 1.63 0.47 "" "" 0 Simbad
73 GruII J220343.10-463136.1 1 330.92957 -46.5267 21.12 20.7 57282.6 5.4 -111.2 2.0 "" "" "" "" 1 Simbad
74 GruII J220343.10-462804.6 3 330.92959 -46.46793 20.55 20.06 57311.3 7.6 94.3 2.3 "" "" "" "" 0 Simbad
75 GruII J220343.10-462804.6 3 330.92959 -46.46793 20.55 20.06 57634.4 4.3 102.8 2.9 "" "" "" "" 0 Simbad
76 GruII J220343.10-462804.6 3 330.92959 -46.46793 20.55 20.06 58363.6 4.3 85.7 7.6 "" "" "" "" 0 Simbad
77 GruII J220346.72-462240.4 1 330.94468 -46.37789 19.17 18.24 58339.5 33.5 118.1 1.1 5.7 0.38 "" "" 0 Simbad
78 GruII J220347.66-462821.3 2 330.94859 -46.47258 18.94 18.69 57282.6 31.1 -226.4 1.4 "" "" "" "" 0 Simbad
79 GruII J220347.66-462821.3 2 330.94859 -46.47258 18.94 18.69 57634.4 13.7 -225.9 1.5 0.8 0.37 "" "" 0 Simbad
80 GruII J220348.10-462759.4 1 330.95043 -46.4665 19.61 18.75 57311.3 25.3 -14.9 1.5 6.34 0.47 "" "" 0 Simbad
81 GruII J220349.20-462957.2 1 330.95499 -46.49923 21.36 20.91 57980.9 6.3 -97.0 2.4 "" "" "" "" 0 Simbad
82 GruII J220349.36-462210.5 2 330.95566 -46.36958 20.02 19.5 57311.3 10.7 19.0 1.7 6.13 0.58 "" "" 0 Simbad
83 GruII J220349.36-462210.5 2 330.95566 -46.36958 20.02 19.5 58339.5 13.6 20.1 1.6 5.49 0.78 "" "" 0 Simbad
84 GruII J220349.47-463102.7 1 330.95611 -46.51743 18.63 17.86 58363.6 27.9 38.5 1.2 5.54 0.39 "" "" 0 Simbad
85 GruII J220349.72-463050.8 1 330.95718 -46.51412 20.62 20.3 57282.6 8.1 174.1 2.2 3.18 0.71 "" "" 0 Simbad
86 GruII J220349.73-463314.6 1 330.95722 -46.55405 16.7 15.78 58363.6 90.8 -4.3 1.0 6.47 0.33 "" "" 0 Simbad
87 GruII J220351.08-462552.7 1 330.96283 -46.4313 21.61 20.95 57282.6 6.9 14.1 2.6 "" "" "" "" 0 Simbad
88 GruII J220351.24-461711.1 2 330.96351 -46.28641 20.92 19.95 57284.1 5.9 25.6 4.6 4.48 0.84 "" "" 0 Simbad
89 GruII J220351.24-461711.1 2 330.96351 -46.28641 20.92 19.95 57630.5 8.6 22.1 1.8 4.85 0.69 "" "" 0 Simbad
90 GruII J220351.54-461441.7 2 330.96476 -46.24492 20.93 20.24 57284.1 4.5 -28.3 2.8 5.53 1.92 "" "" 0 Simbad
91 GruII J220351.54-461441.7 2 330.96476 -46.24492 20.93 20.24 57630.5 6.7 -29.6 2.5 "" "" "" "" 0 Simbad
92 GruII J220352.01-462446.5 5 330.96671 -46.41291 19.42 18.88 57282.6 32.2 -109.3 1.3 1.73 0.37 -2.88 0.24 1 Simbad
93 GruII J220352.01-462446.5 5 330.96671 -46.41291 19.42 18.88 57311.3 19.3 -117.8 1.3 "" "" "" "" 1 Simbad
94 GruII J220352.01-462446.5 5 330.96671 -46.41291 19.42 18.88 57634.4 13.2 -110.2 1.5 1.45 0.42 -3.07 0.32 1 Simbad
95 GruII J220352.01-462446.5 5 330.96671 -46.41291 19.42 18.88 57980.9 31.9 -107.8 1.1 1.67 0.33 -2.92 0.22 1 Simbad
96 GruII J220352.01-462446.5 5 330.96671 -46.41291 19.42 18.88 58339.5 23.4 -107.9 1.2 1.43 0.47 -3.09 0.36 1 Simbad
97 GruII J220352.37-462540.7 3 330.96821 -46.42797 21.35 20.92 57282.6 6.2 -113.1 3.5 "" "" "" "" 1 Simbad
98 GruII J220352.37-462540.7 3 330.96821 -46.42797 21.35 20.92 57980.9 5.6 -105.1 6.4 "" "" "" "" 1 Simbad
99 GruII J220352.37-462540.7 3 330.96821 -46.42797 21.35 20.92 58339.5 4.2 -106.8 3.0 3.47 1.04 -1.55 0.51 1 Simbad
100 GruII J220355.46-461539.5 1 330.9811 -46.26098 20.95 20.5 57630.5 4.8 -111.4 3.3 2.1 0.52 -2.36 0.3 1 Simbad
101 GruII J220355.93-462209.6 1 330.98304 -46.36932 21.21 20.48 58339.5 6.1 11.4 2.6 5.43 1.32 "" "" 0 Simbad
102 GruII J220355.95-462508.1 4 330.98312 -46.41891 19.2 18.92 57282.6 26.9 29.8 1.3 2.79 0.35 "" "" 0 Simbad
103 GruII J220355.95-462508.1 4 330.98312 -46.41891 19.2 18.92 57634.4 9.9 31.7 1.7 "" "" "" "" 0 Simbad
104 GruII J220355.95-462508.1 4 330.98312 -46.41891 19.2 18.92 57980.9 29.1 31.2 1.2 2.15 0.35 "" "" 0 Simbad
105 GruII J220355.95-462508.1 4 330.98312 -46.41891 19.2 18.92 58339.5 20.0 33.5 1.3 "" "" "" "" 0 Simbad
106 GruII J220356.00-462641.6 2 330.98334 -46.4449 20.11 19.18 57980.9 29.4 -56.3 1.2 5.99 0.38 "" "" 0 Simbad
107 GruII J220356.00-462641.6 2 330.98334 -46.4449 20.11 19.18 58339.5 20.6 -55.2 1.3 6.41 0.45 "" "" 0 Simbad
108 GruII J220357.02-462800.2 1 330.98758 -46.46671 21.89 21.29 57282.6 4.4 21.9 4.9 "" "" "" "" 0 Simbad
109 GruII J220357.07-462829.9 2 330.98779 -46.47498 20.9 20.44 57282.6 7.4 -113.8 1.8 "" "" "" "" 1 Simbad
110 GruII J220357.07-462829.9 2 330.98779 -46.47498 20.9 20.44 57311.3 6.5 -109.7 4.5 "" "" "" "" 1 Simbad
111 GruII J220357.72-462603.6 4 330.99048 -46.43434 19.67 19.13 57282.6 26.1 -112.5 1.4 "" "" "" "" 1 Simbad
112 GruII J220357.72-462603.6 4 330.99048 -46.43434 19.67 19.13 57634.4 10.6 -109.2 1.7 1.92 0.52 -2.72 0.31 1 Simbad
113 GruII J220357.72-462603.6 4 330.99048 -46.43434 19.67 19.13 57980.9 29.4 -110.0 1.1 1.85 0.36 -2.76 0.22 1 Simbad
114 GruII J220357.72-462603.6 4 330.99048 -46.43434 19.67 19.13 58339.5 19.9 -108.7 1.2 1.83 0.33 -2.77 0.21 1 Simbad
115 GruII J220358.17-463020.3 2 330.99236 -46.50563 19.49 18.57 57311.3 30.3 32.6 1.3 6.55 0.39 "" "" 0 Simbad
116 GruII J220358.17-463020.3 2 330.99236 -46.50563 19.49 18.57 58363.6 16.3 32.8 1.4 6.46 0.51 "" "" 0 Simbad
117 GruII J220358.30-462525.9 1 330.99291 -46.42386 19.86 19.62 57980.9 15.1 -171.7 1.2 2.27 0.51 "" "" 0 Simbad
118 GruII J220358.43-462751.3 2 330.99344 -46.46424 18.99 18.15 57282.6 52.1 -87.1 1.2 5.71 0.34 "" "" 0 Simbad
119 GruII J220358.43-462751.3 2 330.99344 -46.46424 18.99 18.15 57634.4 23.2 -85.1 1.3 "" "" "" "" 0 Simbad
120 GruII J220359.07-462030.7 2 330.99612 -46.34186 18.71 18.22 57284.1 23.2 -88.7 1.4 5.55 0.41 "" "" 0 Simbad
121 GruII J220359.07-462030.7 2 330.99612 -46.34186 18.71 18.22 57630.5 25.9 -90.1 1.2 5.24 0.39 "" "" 0 Simbad
122 GruII J220400.12-462529.0 1 331.00048 -46.42472 19.92 19.28 58339.5 18.0 -110.9 1.3 2.66 0.42 "" "" 0 Simbad
123 GruII J220400.61-461810.2 1 331.00256 -46.30282 19.59 19.06 57284.1 12.4 -18.2 1.7 5.23 0.59 "" "" 0 Simbad
124 GruII J220401.91-461502.7 2 331.00795 -46.25074 19.21 18.68 57284.1 16.2 52.4 1.7 5.83 0.52 "" "" 0 Simbad
125 GruII J220401.91-461502.7 2 331.00795 -46.25074 19.21 18.68 57630.5 19.2 56.2 1.2 5.76 0.47 "" "" 0 Simbad
126 GruII J220402.83-462830.7 3 331.0118 -46.4752 20.61 20.06 57282.6 11.2 -109.7 2.9 "" "" "" "" 0 Simbad
127 GruII J220402.83-462830.7 3 331.0118 -46.4752 20.61 20.06 57311.3 8.2 -105.9 4.9 "" "" "" "" 0 Simbad
128 GruII J220402.83-462830.7 3 331.0118 -46.4752 20.61 20.06 57980.9 12.5 -109.2 1.9 4.73 0.73 "" "" 0 Simbad
129 GruII J220403.26-462403.3 2 331.01359 -46.40092 18.59 17.93 57311.3 38.9 -3.7 1.2 6.45 0.36 "" "" 0 Simbad
130 GruII J220403.26-462403.3 2 331.01359 -46.40092 18.59 17.93 58339.5 42.0 -4.4 1.0 5.68 0.35 "" "" 0 Simbad
131 GruII J220403.28-462520.0 4 331.01366 -46.42222 21.12 20.67 57282.6 7.7 -105.0 4.0 2.47 0.67 -2.12 0.36 1 Simbad
132 GruII J220403.28-462520.0 4 331.01366 -46.42222 21.12 20.67 57311.3 5.0 -117.4 3.3 "" "" "" "" 1 Simbad
133 GruII J220403.28-462520.0 4 331.01366 -46.42222 21.12 20.67 57980.9 7.1 -115.4 2.3 "" "" "" "" 1 Simbad
134 GruII J220403.28-462520.0 4 331.01366 -46.42222 21.12 20.67 58339.5 5.4 -112.4 3.4 "" "" "" "" 1 Simbad
135 GruII J220405.91-462231.3 3 331.02461 -46.37535 18.19 17.55 57282.6 71.2 44.8 1.2 6.16 0.33 "" "" 0 Simbad
136 GruII J220405.91-462231.3 3 331.02461 -46.37535 18.19 17.55 57634.4 30.3 45.1 1.1 6.1 0.38 "" "" 0 Simbad
137 GruII J220405.91-462231.3 3 331.02461 -46.37535 18.19 17.55 58339.5 52.6 45.6 1.0 5.78 0.34 "" "" 0 Simbad
138 GruII J220406.24-462559.6 2 331.02601 -46.43321 19.74 18.91 57282.6 31.3 -49.4 1.3 "" "" "" "" 0 Simbad
139 GruII J220406.24-462559.6 2 331.02601 -46.43321 19.74 18.91 57634.4 12.5 -49.4 1.6 5.27 0.55 "" "" 0 Simbad
140 GruII J220406.57-462640.3 2 331.02736 -46.44452 20.91 20.4 57980.9 10.1 94.2 3.3 1.99 0.44 "" "" 0 Simbad
141 GruII J220406.57-462640.3 2 331.02736 -46.44452 20.91 20.4 58339.5 7.1 92.9 3.4 3.71 0.67 "" "" 0 Simbad
142 GruII J220408.41-462656.9 2 331.03505 -46.44915 18.66 18.37 57980.9 45.3 -71.5 1.1 1.83 0.35 "" "" 0 Simbad
143 GruII J220408.41-462656.9 2 331.03505 -46.44915 18.66 18.37 58339.5 29.8 -70.3 1.1 1.7 0.35 "" "" 0 Simbad
144 GruII J220408.88-462416.7 1 331.03698 -46.40463 18.91 18.08 58339.5 38.8 -24.0 1.1 5.86 0.35 "" "" 0 Simbad
145 GruII J220408.90-461927.5 2 331.03708 -46.32431 20.88 19.93 57284.1 7.5 32.7 3.5 5.33 1.1 "" "" 0 Simbad
146 GruII J220408.90-461927.5 2 331.03708 -46.32431 20.88 19.93 57630.5 9.5 29.5 1.9 6.12 1.07 "" "" 0 Simbad
