data/simon2020/table3.csv
# %ECSV 1.0
# ---
# datatype:
# - name: recno
#   datatype: int32
#   description: Record number assigned by the VizieR team. Should Not be used for identification.
#   meta: !!omap
#   - {ucd: RECORD}
#   - {width: 8}
# - name: Gal
#   datatype: string
#   description: Galaxy satellite ("GruII", "TucIV" or "TucV"); column added by CDS
#   meta: !!omap
#   - {ucd: ID_PARENT}
#   - {_votable_string_dtype: char}
# - name: DES
#   datatype: string
#   description: Identifier (JHHMMSS.ss+DDMMSS.s)
#   meta: !!omap
#   - {ucd: ID_MAIN}
#   - {_votable_string_dtype: char}
# - name: Nrv
#   datatype: int16
#   description: Number of HRV measurements for this DES source
#   meta: !!omap
#   - {ucd: NUMBER}
#   - {width: 3}
#   - values: {'null': -32768}
# - name: RAJ2000
#   unit: deg
#   datatype: float64
#   format: '{:9.5f}'
#   description: Right Ascension (J2000)
#   meta: !!omap
#   - {ucd: POS_EQ_RA_MAIN}
#   - {width: 9}
#   - {precision: '5'}
# - name: DEJ2000
#   unit: deg
#   datatype: float64
#   format: '{:9.5f}'
#   description: '[-63.34/-46.2] Declination (J2000)'
#   meta: !!omap
#   - {ucd: POS_EQ_DEC_MAIN}
#   - {width: 9}
#   - {precision: '5'}
# - name: gmag
#   unit: mag
#   datatype: float32
#   format: '{:5.2f}'
#   description: '[16.7/22] DES dereddened g band (AB) magnitude (G1)'
#   meta: !!omap
#   - {ucd: PHOT_SDSS_G}
#   - {width: 5}
#   - {precision: '2'}
# - name: rmag
#   unit: mag
#   datatype: float32
#   format: '{:5.2f}'
#   description: '[15.78/21.3] DES dereddened r band (Ab) magnitude (G1)'
#   meta: !!omap
#   - {ucd: PHOT_SDSS_R}
#   - {width: 5}
#   - {precision: '2'}
# - name: MJD
#   unit: d
#   datatype: float32
#   format: '{:7.1f}'
#   description: '[57247.4/58363.8] Modified Julian Date'
#   meta: !!omap
#   - {ucd: TIME_DATE}
#   - {width: 7}
#   - {precision: '1'}
# - name: S/N
#   datatype: float32
#   format: '{:5.1f}'
#   description: '[4/162] Signal to noise ratio'
#   meta: !!omap
#   - {ucd: INST_S/N}
#   - {width: 5}
#   - {precision: '1'}
# - name: HRV
#   unit: km / s
#   datatype: float32
#   format: '{:6.1f}'
#   description: '[-227/349] Heliocentric radial velocity'
#   meta: !!omap
#   - {ucd: VELOC_HC}
#   - {width: 6}
#   - {precision: '1'}
# - name: e_HRV
#   unit: km / s
#   datatype: float32
#   format: '{:4.1f}'
#   description: '[1/9.6] Uncertainty in HRV'
#   meta: !!omap
#   - {ucd: ERROR}
#   - {width: 4}
#   - {precision: '1'}
# - name: EW
#   unit: 0.1 nm
#   datatype: float32
#   format: '{:5.2f}'
#   description: '[0.4/8.3]? Ca triplet equivalent width'
#   meta: !!omap
#   - {ucd: SPECT_EQ-WIDTH}
#   - {width: 5}
#   - {precision: '2'}
#   - values: {'null': .nan}
# - name: e_EW
#   unit: 0.1 nm
#   datatype: float32
#   format: '{:5.2f}'
#   description: '[0.3/2]? Uncertainty in EW'
#   meta: !!omap
#   - {ucd: ERROR}
#   - {width: 5}
#   - {precision: '2'}
#   - values: {'null': .nan}
# - name: '[Fe/H]'
#   unit: log(Sun)
#   datatype: float32
#   format: '{:5.2f}'
#   description: '[-3.4/-1.5]? Metallicity'
#   meta: !!omap
#   - {ucd: PHYS_ABUND_FE/H}
#   - {width: 5}
#   - {precision: '2'}
#   - values: {'null': .nan}
# - name: e_[Fe/H]
#   unit: log(Sun)
#   datatype: float32
#   format: '{:5.2f}'
#   description: '[0.16/0.9]? Uncertainty in [Fe/H]'
#   meta: !!omap
#   - {ucd: ERROR}
#   - {width: 5}
#   - {precision: '2'}
#   - values: {'null': .nan}
# - name: Mm
#   datatype: uint8
#   description: '[0/1] Membership code (1)'
#   meta: !!omap
#   - {ucd: CODE_MEMB}
#   - {width: 1}
# - name: Simbad
#   datatype: string
#   description: Simbad column added by the CDS
#   meta: !!omap
#   - {ucd: DATA_LINK}
#   - {_votable_string_dtype: char}
#   - {_votable_arraysize: 6*}
# meta: !!omap
# - {ID: J_ApJ_892_137_table3}
# - {name: J/ApJ/892/137/table3}
# - {description: 'Magellan/Baade IMACS velocity and metallicity measurements for Gru II, Tuc IV, and Tuc V'}
# schema: astropy-2.0
recno Gal DES Nrv RAJ2000 DEJ2000 gmag rmag MJD S/N HRV e_HRV EW e_EW [Fe/H] e_[Fe/H] Mm Simbad
[from data line 147]
148 GruII J220409.98-462102.2 2 331.04158 -46.35061 18.19 17.49 57284.1 40.6 -107.6 1.2 2.63 0.33 -2.67 0.16 1 Simbad
149 GruII J220409.98-462102.2 2 331.04158 -46.35061 18.19 17.49 57630.5 43.1 -108.2 1.0 2.28 0.35 -2.84 0.18 1 Simbad
150 GruII J220410.77-463202.5 1 331.04486 -46.53403 17.36 16.54 57311.3 99.0 58.8 1.2 6.33 0.33 "" "" 0 Simbad
151 GruII J220410.93-463019.8 2 331.04555 -46.50549 19.53 19.07 57311.3 19.3 -3.6 1.4 3.69 0.44 "" "" 0 Simbad
152 GruII J220410.93-463019.8 2 331.04555 -46.50549 19.53 19.07 58363.6 9.0 -5.4 1.6 3.84 0.65 "" "" 0 Simbad
153 GruII J220412.35-462543.1 2 331.05145 -46.42863 20.9 20.47 57282.6 7.7 57.6 2.8 "" "" "" "" 0 Simbad
154 GruII J220412.35-462543.1 2 331.05145 -46.42863 20.9 20.47 57311.3 5.8 62.6 6.4 3.76 0.71 "" "" 0 Simbad
155 GruII J220413.66-461743.7 2 331.05692 -46.29547 19.0 18.61 57284.1 17.4 -19.6 1.5 4.1 0.45 "" "" 0 Simbad
156 GruII J220413.66-461743.7 2 331.05692 -46.29547 19.0 18.61 57630.5 19.8 -20.6 1.3 4.13 0.39 "" "" 0 Simbad
157 GruII J220415.84-462454.9 3 331.06599 -46.41524 18.33 17.71 57282.6 32.9 -4.7 1.3 5.18 0.39 "" "" 0 Simbad
158 GruII J220415.84-462454.9 3 331.06599 -46.41524 18.33 17.71 57634.4 25.3 -3.5 1.1 5.59 0.4 "" "" 0 Simbad
159 GruII J220415.84-462454.9 3 331.06599 -46.41524 18.33 17.71 57980.9 77.0 -3.1 1.0 5.52 0.33 "" "" 0 Simbad
160 GruII J220416.29-462822.3 2 331.06788 -46.47285 18.57 18.34 57282.6 35.0 4.7 1.3 1.46 0.39 "" "" 0 Simbad
161 GruII J220416.29-462822.3 2 331.06788 -46.47285 18.57 18.34 57634.4 14.6 5.0 1.4 1.97 0.36 "" "" 0 Simbad
162 GruII J220416.46-462225.3 3 331.06858 -46.37369 20.54 20.01 57284.1 5.8 -106.0 2.5 3.77 0.78 -1.61 0.37 1 Simbad
163 GruII J220416.46-462225.3 3 331.06858 -46.37369 20.54 20.01 57630.5 6.2 -110.2 2.2 "" "" "" "" 1 Simbad
164 GruII J220416.46-462225.3 3 331.06858 -46.37369 20.54 20.01 58339.5 10.5 -111.0 1.6 2.9 0.58 -2.03 0.29 1 Simbad
165 GruII J220416.72-462432.6 1 331.06968 -46.40907 21.56 21.12 57980.9 5.3 -112.2 2.0 "" "" "" "" 1 Simbad
166 GruII J220416.80-463432.1 1 331.07002 -46.57559 19.18 18.63 57311.3 25.9 179.7 1.4 6.35 0.44 "" "" 0 Simbad
167 GruII J220417.31-462302.3 2 331.07213 -46.38397 19.52 19.25 57980.9 26.0 131.6 1.2 2.46 0.42 "" "" 0 Simbad
168 GruII J220417.31-462302.3 2 331.07213 -46.38397 19.52 19.25 58339.5 16.6 135.6 1.4 2.27 0.47 "" "" 0 Simbad
169 GruII J220418.14-463252.1 2 331.07559 -46.54781 19.87 19.33 57311.3 16.7 -107.2 1.6 "" "" "" "" 1 Simbad
170 GruII J220418.14-463252.1 2 331.07559 -46.54781 19.87 19.33 57981.0 7.4 -108.7 2.5 "" "" "" "" 1 Simbad
171 GruII J220418.47-463534.0 1 331.07697 -46.59278 21.12 20.7 57311.3 4.5 -58.2 5.7 "" "" "" "" 0 Simbad
172 GruII J220419.17-462831.5 1 331.07988 -46.47541 18.49 17.91 57311.3 45.5 -53.5 1.3 4.26 0.35 "" "" 0 Simbad
173 GruII J220419.89-462444.5 1 331.08287 -46.41236 21.04 20.71 57980.9 6.9 178.8 2.2 "" "" "" "" 0 Simbad
174 GruII J220420.12-462341.3 4 331.08385 -46.39481 19.2 19.33 57284.1 6.8 -110.5 2.6 "" "" "" "" 1 Simbad
175 GruII J220420.12-462341.3 4 331.08385 -46.39481 19.2 19.33 57630.5 7.5 -104.8 3.2 "" "" "" "" 1 Simbad
176 GruII J220420.12-462341.3 4 331.08385 -46.39481 19.2 19.33 57980.9 18.8 -113.9 1.7 "" "" "" "" 1 Simbad
177 GruII J220420.12-462341.3 4 331.08385 -46.39481 19.2 19.33 58339.5 12.4 -106.9 2.2 "" "" "" "" 1 Simbad
178 GruII J220420.84-463621.2 2 331.08682 -46.60589 17.73 17.0 57311.3 68.5 -6.4 1.2 6.6 0.33 "" "" 0 Simbad
179 GruII J220420.84-463621.2 2 331.08682 -46.60589 17.73 17.0 57981.0 34.7 -9.9 1.0 7.94 0.37 "" "" 0 Simbad
180 GruII J220422.11-461835.5 2 331.09212 -46.30985 18.19 17.6 57284.1 35.8 -34.4 1.3 5.47 0.36 "" "" 0 Simbad
181 GruII J220422.11-461835.5 2 331.09212 -46.30985 18.19 17.6 57630.5 38.9 -34.3 1.0 5.67 0.37 "" "" 0 Simbad
182 GruII J220423.14-463346.9 1 331.09642 -46.56303 18.54 18.05 57981.0 18.9 -52.6 1.2 3.49 0.41 "" "" 0 Simbad
183 GruII J220423.45-462703.4 1 331.09769 -46.45093 19.48 19.07 58339.5 17.9 1.2 1.3 4.05 0.45 "" "" 0 Simbad
184 GruII J220423.91-463702.5 1 331.09961 -46.61736 17.55 16.76 57981.0 42.8 -108.6 1.0 3.07 0.35 -2.62 0.16 1 Simbad
185 GruII J220425.07-463041.4 1 331.10444 -46.5115 19.06 18.33 57311.3 36.3 -2.5 1.3 5.69 0.37 "" "" 0 Simbad
186 GruII J220425.34-463015.2 1 331.1056 -46.50421 21.14 20.65 57311.3 6.2 -33.1 3.1 "" "" "" "" 0 Simbad
187 GruII J220426.35-462229.9 1 331.10979 -46.37496 20.91 20.02 58339.5 11.5 40.2 1.8 4.75 0.62 "" "" 0 Simbad
188 GruII J220427.66-462839.5 2 331.11527 -46.47764 20.95 20.49 57311.3 6.3 -109.6 2.5 "" "" "" "" 1 Simbad
189 GruII J220427.66-462839.5 2 331.11527 -46.47764 20.95 20.49 57980.9 7.8 -109.3 2.1 "" "" "" "" 1 Simbad
190 GruII J220428.42-463037.3 2 331.11841 -46.51037 20.05 19.85 57311.3 8.9 214.6 2.6 "" "" "" "" 0 Simbad
191 GruII J220428.42-463037.3 2 331.11841 -46.51037 20.05 19.85 57981.0 5.0 -110.7 2.6 "" "" "" "" 0 Simbad
192 GruII J220428.60-461736.1 1 331.11916 -46.29335 17.72 17.01 57284.1 52.7 45.4 3.4 4.17 0.48 "" "" 0 Simbad
193 GruII J220430.68-463138.2 1 331.12785 -46.52728 21.33 20.54 57311.3 6.8 27.1 7.1 "" "" "" "" 0 Simbad
194 GruII J220431.04-463448.4 1 331.12935 -46.5801 17.43 16.73 57311.3 79.9 -1.8 1.2 5.51 0.33 "" "" 0 Simbad
195 GruII J220431.94-463529.8 2 331.13308 -46.59161 18.41 17.76 57311.3 43.4 -54.7 1.3 5.96 0.36 "" "" 0 Simbad
196 GruII J220431.94-463529.8 2 331.13308 -46.59161 18.41 17.76 57981.0 23.1 -56.7 1.2 5.57 0.43 "" "" 0 Simbad
197 GruII J220431.99-461929.0 2 331.13329 -46.32473 18.14 17.55 57284.1 36.2 -49.2 1.3 5.98 0.36 "" "" 0 Simbad
198 GruII J220431.99-461929.0 2 331.13329 -46.32473 18.14 17.55 57630.5 38.7 -48.3 1.1 5.57 0.35 "" "" 0 Simbad
199 GruII J220432.12-462231.5 3 331.13383 -46.37542 19.99 19.75 57284.1 5.4 -167.1 2.6 "" "" "" "" 0 Simbad
200 GruII J220432.12-462231.5 3 331.13383 -46.37542 19.99 19.75 57630.5 6.2 -166.6 3.0 1.76 0.4 "" "" 0 Simbad
201 GruII J220432.12-462231.5 3 331.13383 -46.37542 19.99 19.75 58339.5 11.7 -160.4 1.8 2.28 0.46 "" "" 0 Simbad
202 GruII J220432.96-463005.9 1 331.13732 -46.50162 19.75 19.15 57311.3 21.5 -15.3 1.3 3.23 0.43 "" "" 0 Simbad
203 GruII J220433.63-463251.1 1 331.14011 -46.54754 20.99 20.61 57311.3 5.3 -155.1 4.2 "" "" "" "" 0 Simbad
204 GruII J220433.75-462639.8 3 331.14063 -46.44439 19.18 19.31 57980.9 15.6 -110.3 1.7 "" "" "" "" 1 Simbad
205 GruII J220433.75-462639.8 3 331.14063 -46.44439 19.18 19.31 57981.0 5.2 -121.9 2.7 "" "" "" "" 1 Simbad
206 GruII J220433.75-462639.8 3 331.14063 -46.44439 19.18 19.31 58339.5 13.2 -107.4 1.9 "" "" "" "" 1 Simbad
207 GruII J220434.10-461910.4 2 331.1421 -46.31956 20.61 20.14 57284.1 5.6 -114.0 3.4 "" "" "" "" 1 Simbad
208 GruII J220434.10-461910.4 2 331.1421 -46.31956 20.61 20.14 57630.5 6.4 -110.7 3.5 "" "" "" "" 1 Simbad
209 GruII J220435.53-463134.1 2 331.14806 -46.52613 18.87 18.75 57311.3 20.1 10.0 1.4 2.45 0.44 "" "" 0 Simbad
210 GruII J220435.53-463134.1 2 331.14806 -46.52613 18.87 18.75 57981.0 9.4 5.2 3.9 "" "" "" "" 0 Simbad
211 GruII J220436.46-462423.4 2 331.15193 -46.4065 19.1 18.19 57980.9 54.2 7.2 1.0 6.32 0.34 "" "" 0 Simbad
212 GruII J220436.46-462423.4 2 331.15193 -46.4065 19.1 18.19 57981.0 17.3 5.1 1.5 5.12 0.45 "" "" 0 Simbad
213 GruII J220437.47-461955.0 2 331.15614 -46.33194 20.45 19.99 57284.1 5.5 -114.3 2.5 "" "" "" "" 1 Simbad
214 GruII J220437.47-461955.0 2 331.15614 -46.33194 20.45 19.99 57630.5 7.0 -107.2 2.1 "" "" "" "" 1 Simbad
215 GruII J220441.57-462244.8 1 331.1732 -46.37911 17.91 17.28 58339.5 65.8 -160.8 1.0 4.06 0.33 "" "" 0 Simbad
216 GruII J220442.14-462553.4 1 331.17559 -46.43151 19.82 19.38 57981.0 5.6 73.9 2.0 3.77 0.66 "" "" 0 Simbad
217 GruII J220442.40-462714.0 1 331.17667 -46.4539 18.1 17.5 57981.0 25.7 -22.3 1.2 "" "" "" "" 0 Simbad
218 GruII J220442.75-461942.0 2 331.17811 -46.32832 19.29 18.51 57284.1 19.5 46.1 1.4 6.22 0.45 "" "" 0 Simbad
219 GruII J220442.75-461942.0 2 331.17811 -46.32832 19.29 18.51 57630.5 22.4 45.2 1.2 6.02 0.43 "" "" 0 Simbad
220 GruII J220445.03-462813.8 1 331.18763 -46.4705 20.16 19.4 58339.5 17.5 151.6 1.3 4.28 0.47 "" "" 0 Simbad
221 GruII J220448.87-462539.2 1 331.20362 -46.42755 20.95 20.08 58339.5 10.8 -21.0 1.9 5.74 0.6 "" "" 0 Simbad
222 GruII J220450.08-462952.8 1 331.20869 -46.498 18.56 17.9 57981.0 20.9 -42.3 1.2 5.77 0.45 "" "" 0 Simbad
223 GruII J220450.65-462928.2 2 331.21103 -46.49116 19.01 18.63 57981.0 11.8 -6.6 1.4 3.66 0.53 "" "" 0 Simbad
224 GruII J220450.65-462928.2 2 331.21103 -46.49116 19.01 18.63 58339.5 24.5 -7.1 1.1 3.72 0.37 "" "" 0 Simbad
225 GruII J220450.75-463514.4 1 331.21144 -46.58735 18.84 18.32 57981.0 14.6 22.0 1.2 5.12 0.48 "" "" 0 Simbad
226 GruII J220450.86-462719.5 2 331.21193 -46.45542 20.27 19.7 57981.0 4.2 22.6 3.2 "" "" "" "" 0 Simbad
227 GruII J220450.86-462719.5 2 331.21193 -46.45542 20.27 19.7 58339.5 12.9 27.0 1.6 4.5 0.54 "" "" 0 Simbad
228 GruII J220451.54-462459.0 1 331.21474 -46.41638 19.57 19.33 58339.5 15.1 88.3 1.5 1.73 0.38 "" "" 0 Simbad
229 GruII J220453.33-462851.1 1 331.2222 -46.48086 20.61 20.02 58339.5 9.7 72.8 1.8 5.71 0.72 "" "" 0 Simbad
230 GruII J220458.78-462710.6 1 331.24492 -46.45296 20.38 19.91 58339.5 10.4 -159.1 1.9 2.69 0.69 "" "" 0 Simbad
231 GruII J220459.55-462547.7 1 331.24815 -46.4299 19.44 19.07 58339.5 18.1 54.7 1.3 3.94 0.46 "" "" 0 Simbad
232 GruII J220505.12-462806.7 1 331.27132 -46.46854 20.53 20.09 58339.5 7.2 149.1 2.6 6.04 0.97 "" "" 0 Simbad
233 GruII J220507.25-462815.6 1 331.28019 -46.47099 18.02 17.53 58339.5 46.4 -17.3 1.1 5.45 0.35 "" "" 0 Simbad
234 GruII J220508.69-462408.9 1 331.28623 -46.40248 20.29 19.82 58339.5 12.5 -111.6 1.4 2.14 0.63 -2.47 0.35 1 Simbad
235 GruII J220508.89-462743.6 1 331.28702 -46.4621 18.79 18.34 58339.5 28.8 32.3 1.1 2.67 0.38 "" "" 0 Simbad
236 TucIV J000102.48-605136.4 1 0.26033 -60.86012 20.23 19.34 57981.2 7.6 44.6 7.5 6.75 1.15 "" "" 0 Simbad
237 TucIV J000105.85-605239.1 1 0.27438 -60.87752 19.44 18.91 57981.2 9.1 107.7 2.7 4.95 0.8 "" "" 0 Simbad
238 TucIV J000108.44-605359.9 1 0.28516 -60.89998 19.41 18.48 57981.2 19.1 108.3 1.3 6.28 0.46 "" "" 0 Simbad
239 TucIV J000108.59-605038.2 1 0.28581 -60.84395 20.26 19.61 57981.2 4.1 45.0 4.5 "" "" "" "" 0 Simbad
240 TucIV J000112.27-610100.8 1 0.30113 -61.01689 21.08 20.64 58340.3 6.0 -2.9 2.2 4.4 0.85 "" "" 0 Simbad
241 TucIV J000119.59-604439.2 2 0.33163 -60.74424 19.91 19.43 58339.3 13.7 12.4 1.4 1.01 0.5 -3.32 0.61 1 Simbad
242 TucIV J000119.59-604439.2 2 0.33163 -60.74424 19.91 19.43 58363.8 7.9 25.4 2.4 1.15 0.64 -3.17 0.65 1 Simbad
243 TucIV J000120.28-603918.3 1 0.33449 -60.65508 17.18 16.42 58339.3 90.0 12.7 1.0 6.03 0.33 "" "" 0 Simbad
244 TucIV J000121.36-610258.2 1 0.33901 -61.0495 20.53 20.03 58340.3 10.9 154.2 1.8 4.73 0.6 "" "" 0 Simbad
245 TucIV J000122.25-605217.5 1 0.34272 -60.87153 18.54 18.09 57981.2 14.7 115.7 1.6 "" "" "" "" 0 Simbad
246 TucIV J000124.43-605449.8 1 0.35179 -60.91385 20.25 19.39 57981.2 8.0 62.0 3.1 "" "" "" "" 0 Simbad
247 TucIV J000127.92-603941.9 1 0.36634 -60.66165 21.48 20.73 58339.3 4.9 -15.6 3.1 6.32 1.11 "" "" 0 Simbad
248 TucIV J000129.95-610230.1 1 0.37478 -61.04168 17.93 17.26 58340.3 78.3 213.3 1.0 5.57 0.33 "" "" 0 Simbad
249 TucIV J000130.96-604233.8 1 0.379 -60.7094 20.0 19.7 58339.3 10.6 62.2 1.8 2.11 0.81 "" "" 0 Simbad
250 TucIV J000131.89-605945.1 1 0.38286 -60.99586 18.1 17.53 57981.2 31.3 27.4 1.1 5.76 0.39 "" "" 0 Simbad
251 TucIV J000132.03-604139.4 1 0.38348 -60.69428 21.13 20.72 58339.3 4.3 31.5 2.7 2.71 0.73 "" "" 0 Simbad
252 TucIV J000140.47-605439.1 1 0.41863 -60.91086 19.53 19.02 57981.2 9.5 72.7 2.1 6.38 0.77 "" "" 0 Simbad
253 TucIV J000141.19-604349.8 1 0.42161 -60.7305 18.66 18.43 58339.3 24.9 31.6 1.2 1.88 0.35 "" "" 0 Simbad
254 TucIV J000142.24-603856.3 1 0.42599 -60.64898 19.56 18.93 58339.3 21.3 -19.3 1.2 5.42 0.44 "" "" 0 Simbad
255 TucIV J000142.31-610128.2 2 0.4263 -61.0245 19.97 19.62 57981.2 6.9 83.0 2.6 4.51 0.8 "" "" 0 Simbad
256 TucIV J000142.31-610128.2 2 0.4263 -61.0245 19.97 19.62 58340.3 14.4 86.0 1.4 4.47 0.64 "" "" 0 Simbad
257 TucIV J000142.89-603817.8 1 0.42873 -60.63829 20.74 20.46 58339.3 5.3 -20.2 3.0 2.49 0.53 "" "" 0 Simbad
258 TucIV J000144.29-604954.8 1 0.43452 -60.83188 19.91 19.37 57981.2 4.0 31.7 7.3 "" "" "" "" 0 Simbad
259 TucIV J000144.47-605659.2 1 0.43529 -60.94978 19.43 19.06 57981.2 9.4 -78.8 2.5 "" "" "" "" 0 Simbad
260 TucIV J000146.11-610254.5 1 0.44214 -61.04846 20.92 20.46 58340.3 6.6 13.5 2.3 0.83 0.4 -3.4 0.72 1 Simbad
261 TucIV J000147.09-604059.5 1 0.4462 -60.6832 20.26 19.54 58339.3 14.0 166.4 1.6 5.48 0.76 "" "" 0 Simbad
262 TucIV J000149.99-604346.9 1 0.45828 -60.7297 18.35 17.77 58339.3 40.5 53.6 1.1 5.9 0.35 "" "" 0 Simbad
263 TucIV J000150.03-610113.7 1 0.45846 -61.02047 19.79 19.26 57981.2 9.4 138.7 1.9 4.2 0.66 "" "" 0 Simbad
264 TucIV J000150.26-604159.1 1 0.45941 -60.69975 21.35 20.67 58339.3 4.9 224.7 6.1 "" "" "" "" 0 Simbad
265 TucIV J000151.52-603952.0 1 0.46465 -60.66446 19.6 18.8 58339.3 24.7 111.8 1.2 5.31 0.4 "" "" 0 Simbad
266 TucIV J000154.90-603851.1 1 0.47874 -60.64753 20.29 20.12 58339.3 7.1 136.4 2.3 "" "" "" "" 0 Simbad
267 TucIV J000155.69-610108.5 1 0.48203 -61.01902 19.01 18.01 58340.3 53.4 60.6 1.0 5.89 0.35 "" "" 0 Simbad
268 TucIV J000157.86-603752.5 1 0.49107 -60.63124 21.04 20.62 58339.3 5.5 19.2 2.8 0.86 0.5 -3.33 0.83 1 Simbad
269 TucIV J000159.19-610150.2 2 0.49662 -61.03061 20.32 19.85 57981.2 5.4 269.8 2.9 "" "" "" "" 0 Simbad
270 TucIV J000159.19-610150.2 2 0.49662 -61.03061 20.32 19.85 58340.3 13.9 272.6 1.6 3.09 0.6 "" "" 0 Simbad
271 TucIV J000201.07-604359.2 1 0.50447 -60.73311 20.15 19.57 57633.9 8.5 34.0 4.2 2.32 0.38 "" "" 0 Simbad
272 TucIV J000201.28-603946.2 1 0.50532 -60.66284 18.47 18.24 58339.3 29.6 -46.9 1.1 1.88 0.41 "" "" 0 Simbad
273 TucIV J000202.93-603736.6 1 0.51221 -60.62684 19.32 18.35 58339.3 37.6 34.2 1.1 5.82 0.36 "" "" 0 Simbad
274 TucIV J000210.80-610457.8 2 0.545 -61.08273 20.12 19.64 58340.3 17.1 123.3 1.3 2.51 0.49 "" "" 0 Simbad
275 TucIV J000210.80-610457.8 2 0.545 -61.08273 20.12 19.64 58340.1 5.3 124.0 2.4 "" "" "" "" 0 Simbad
276 TucIV J000211.40-604431.6 1 0.5475 -60.74211 17.97 17.43 57633.9 40.5 3.3 1.1 "" "" "" "" 0 Simbad
277 TucIV J000212.69-604258.2 1 0.55289 -60.71618 19.8 19.21 58339.3 16.7 53.1 1.4 5.09 0.48 "" "" 0 Simbad
278 TucIV J000214.43-610026.5 1 0.56011 -61.00737 20.0 19.11 58340.3 27.2 63.9 1.2 6.49 0.41 "" "" 0 Simbad
279 TucIV J000215.97-604533.1 1 0.56654 -60.75919 19.32 18.79 57633.9 14.5 18.3 1.8 4.62 0.61 "" "" 0 Simbad
280 TucIV J000216.41-610034.7 2 0.56836 -61.00965 18.07 17.53 57981.2 29.2 44.7 1.1 "" "" "" "" 0 Simbad
281 TucIV J000216.41-610034.7 2 0.56836 -61.00965 18.07 17.53 58340.3 64.6 41.2 1.0 5.63 0.33 "" "" 0 Simbad
282 TucIV J000220.28-610512.6 1 0.58449 -61.08682 19.63 18.98 58340.3 27.9 149.0 1.2 6.08 0.39 "" "" 0 Simbad
283 TucIV J000220.28-604035.5 1 0.58451 -60.67653 21.05 20.53 58339.3 5.3 158.8 2.6 3.38 1.3 "" "" 0 Simbad
284 TucIV J000222.02-605433.1 3 0.59176 -60.90918 20.93 19.94 57247.4 5.5 44.8 8.1 4.35 1.1 "" "" 0 Simbad
285 TucIV J000222.02-605433.1 3 0.59176 -60.90918 20.93 19.94 57282.3 7.0 43.3 2.9 5.57 0.73 "" "" 0 Simbad
286 TucIV J000222.02-605433.1 3 0.59176 -60.90918 20.93 19.94 57346.1 9.5 50.7 2.1 5.67 0.93 "" "" 0 Simbad
287 TucIV J000224.40-605430.0 1 0.60166 -60.90833 21.67 20.73 57346.1 4.4 78.0 6.9 "" "" "" "" 0 Simbad
288 TucIV J000225.09-603805.0 1 0.60454 -60.63474 21.22 20.68 58339.3 4.9 -16.5 3.4 5.03 1.29 "" "" 0 Simbad
289 TucIV J000225.75-605941.8 1 0.60728 -60.99496 20.53 19.76 57981.2 6.1 40.4 3.4 8.26 1.02 "" "" 0 Simbad
290 TucIV J000226.07-610125.5 1 0.60861 -61.02374 21.81 20.91 58340.3 5.9 118.8 3.0 3.6 0.64 "" "" 0 Simbad
291 TucIV J000226.82-605944.8 1 0.61174 -60.99577 18.88 18.26 57981.2 17.7 65.2 1.4 6.63 0.42 "" "" 0 Simbad
292 TucIV J000228.19-604840.7 1 0.61745 -60.8113 19.84 19.4 57633.9 9.5 219.9 2.2 "" "" "" "" 0 Simbad
293 TucIV J000228.19-604814.3 6 0.61745 -60.80398 18.88 19.03 57247.4 7.0 12.1 6.7 "" "" "" "" 1 Simbad
