data/simon2020/table3.csv
# %ECSV 1.0
# ---
# datatype:
# - name: recno
#   datatype: int32
#   description: Record number assigned by the VizieR team. Should Not be used for identification.
#   meta: !!omap
#   - {ucd: RECORD}
#   - {width: 8}
# - name: Gal
#   datatype: string
#   description: Galaxy satellite ("GruII", "TucIV" or "TucV"); column added by CDS
#   meta: !!omap
#   - {ucd: ID_PARENT}
#   - {_votable_string_dtype: char}
# - name: DES
#   datatype: string
#   description: Identifier (JHHMMSS.ss+DDMMSS.s)
#   meta: !!omap
#   - {ucd: ID_MAIN}
#   - {_votable_string_dtype: char}
# - name: Nrv
#   datatype: int16
#   description: Number of HRV measurements for this DES source
#   meta: !!omap
#   - {ucd: NUMBER}
#   - {width: 3}
#   - values: {'null': -32768}
# - name: RAJ2000
#   unit: deg
#   datatype: float64
#   format: '{:9.5f}'
#   description: Right Ascension (J2000)
#   meta: !!omap
#   - {ucd: POS_EQ_RA_MAIN}
#   - {width: 9}
#   - {precision: '5'}
# - name: DEJ2000
#   unit: deg
#   datatype: float64
#   format: '{:9.5f}'
#   description: '[-63.34/-46.2] Declination (J2000)'
#   meta: !!omap
#   - {ucd: POS_EQ_DEC_MAIN}
#   - {width: 9}
#   - {precision: '5'}
# - name: gmag
#   unit: mag
#   datatype: float32
#   format: '{:5.2f}'
#   description: '[16.7/22] DES dereddened g band (AB) magnitude (G1)'
#   meta: !!omap
#   - {ucd: PHOT_SDSS_G}
#   - {width: 5}
#   - {precision: '2'}
# - name: rmag
#   unit: mag
#   datatype: float32
#   format: '{:5.2f}'
#   description: '[15.78/21.3] DES dereddened r band (Ab) magnitude (G1)'
#   meta: !!omap
#   - {ucd: PHOT_SDSS_R}
#   - {width: 5}
#   - {precision: '2'}
# - name: MJD
#   unit: d
#   datatype: float32
#   format: '{:7.1f}'
#   description: '[57247.4/58363.8] Modified Julian Date'
#   meta: !!omap
#   - {ucd: TIME_DATE}
#   - {width: 7}
#   - {precision: '1'}
# - name: S/N
#   datatype: float32
#   format: '{:5.1f}'
#   description: '[4/162] Signal to noise ratio'
#   meta: !!omap
#   - {ucd: INST_S/N}
#   - {width: 5}
#   - {precision: '1'}
# - name: HRV
#   unit: km / s
#   datatype: float32
#   format: '{:6.1f}'
#   description: '[-227/349] Heliocentric radial velocity'
#   meta: !!omap
#   - {ucd: VELOC_HC}
#   - {width: 6}
#   - {precision: '1'}
# - name: e_HRV
#   unit: km / s
#   datatype: float32
#   format: '{:4.1f}'
#   description: '[1/9.6] Uncertainty in HRV'
#   meta: !!omap
#   - {ucd: ERROR}
#   - {width: 4}
#   - {precision: '1'}
# - name: EW
#   unit: 0.1 nm
#   datatype: float32
#   format: '{:5.2f}'
#   description: '[0.4/8.3]? Ca triplet equivalent width'
#   meta: !!omap
#   - {ucd: SPECT_EQ-WIDTH}
#   - {width: 5}
#   - {precision: '2'}
#   - values: {'null': .nan}
# - name: e_EW
#   unit: 0.1 nm
#   datatype: float32
#   format: '{:5.2f}'
#   description: '[0.3/2]? Uncertainty in EW'
#   meta: !!omap
#   - {ucd: ERROR}
#   - {width: 5}
#   - {precision: '2'}
#   - values: {'null': .nan}
# - name: '[Fe/H]'
#   unit: log(Sun)
#   datatype: float32
#   format: '{:5.2f}'
#   description: '[-3.4/-1.5]? Metallicity'
#   meta: !!omap
#   - {ucd: PHYS_ABUND_FE/H}
#   - {width: 5}
#   - {precision: '2'}
#   - values: {'null': .nan}
# - name: e_[Fe/H]
#   unit: log(Sun)
#   datatype: float32
#   format: '{:5.2f}'
#   description: '[0.16/0.9]? Uncertainty in [Fe/H]'
#   meta: !!omap
#   - {ucd: ERROR}
#   - {width: 5}
#   - {precision: '2'}
#   - values: {'null': .nan}
# - name: Mm
#   datatype: uint8
#   description: '[0/1] Membership code (1)'
#   meta: !!omap
#   - {ucd: CODE_MEMB}
#   - {width: 1}
# - name: Simbad
#   datatype: string
#   description: Simbad column added by the CDS
#   meta: !!omap
#   - {ucd: DATA_LINK}
#   - {_votable_string_dtype: char}
#   - {_votable_arraysize: 6*}
# meta: !!omap
# - {ID: J_ApJ_892_137_table3}
# - {name: J/ApJ/892/137/table3}
# - {description: 'Magellan/Baade IMACS velocity and metallicity measurements for Gru II, Tuc IV, and Tuc V'}
# schema: astropy-2.0
recno Gal DES Nrv RAJ2000 DEJ2000 gmag rmag MJD S/N HRV e_HRV EW e_EW [Fe/H] e_[Fe/H] Mm Simbad
[from data line 442]
443 TucIV J000437.90-604453.8 1 1.15793 -60.74829 20.25 19.89 57982.1 5.5 348.9 3.4 "" "" "" "" 0 Simbad
444 TucIV J000441.56-605213.3 1 1.17318 -60.87037 20.83 20.24 57982.1 4.1 37.6 3.6 "" "" "" "" 0 Simbad
445 TucIV J000443.33-605207.8 1 1.18052 -60.86884 19.77 19.35 57982.1 8.1 155.1 1.7 1.97 0.52 "" "" 0 Simbad
446 TucIV J000445.28-604743.2 1 1.18865 -60.79533 20.34 20.0 57982.1 4.3 -28.7 6.3 "" "" "" "" 0 Simbad
447 TucIV J000451.75-604906.3 1 1.21564 -60.81842 19.74 19.5 57982.1 6.5 -45.4 2.7 "" "" "" "" 0 Simbad
448 TucIV J000451.87-604103.8 1 1.21613 -60.6844 19.49 18.94 57982.1 8.5 107.0 2.2 "" "" "" "" 0 Simbad
449 TucIV J000453.28-603938.5 1 1.22199 -60.66068 19.25 18.53 57982.1 11.6 17.8 1.5 5.48 0.61 "" "" 0 Simbad
450 TucIV J000456.16-604945.8 1 1.23401 -60.82938 19.42 19.17 57982.1 8.2 254.6 2.2 "" "" "" "" 0 Simbad
451 TucIV J000456.81-604842.1 1 1.23671 -60.8117 19.16 18.68 57982.1 12.9 45.0 1.3 5.09 0.5 "" "" 0 Simbad
452 TucIV J000459.73-605147.6 1 1.24887 -60.86322 19.77 19.28 57982.1 8.6 188.2 2.8 4.99 0.75 "" "" 0 Simbad
453 TucIV J000501.31-604504.2 1 1.25544 -60.75118 19.79 18.99 57982.1 11.8 155.2 1.6 "" "" "" "" 0 Simbad
454 TucIV J000501.50-604830.5 1 1.25625 -60.80847 18.33 18.11 57982.1 17.0 282.4 1.4 4.14 0.4 "" "" 0 Simbad
455 TucIV J000504.68-604648.9 1 1.26951 -60.78025 18.2 17.49 57982.1 27.2 6.6 1.1 6.02 0.4 "" "" 0 Simbad
456 TucIV J000508.41-604356.2 1 1.28504 -60.73228 19.63 19.15 57982.1 6.2 -11.6 3.7 4.35 1.14 "" "" 0 Simbad
457 TucIV J000511.50-604441.2 1 1.29793 -60.74478 20.18 19.52 57982.1 4.6 122.9 7.1 5.93 1.52 "" "" 0 Simbad
458 TucIV J000516.62-603946.7 1 1.31927 -60.66296 18.98 18.17 57982.1 11.8 149.5 1.9 5.46 0.61 "" "" 0 Simbad
459 TucV J233632.23-631542.1 1 354.13427 -63.26169 21.13 20.6 57568.7 4.9 184.4 4.9 "" "" "" "" 0 Simbad
460 TucV J233646.49-632018.7 3 354.19369 -63.33853 16.7 16.02 57283.3 57.6 -18.8 1.2 5.76 0.34 "" "" 0 Simbad
461 TucV J233646.49-632018.7 3 354.19369 -63.33853 16.7 16.02 57312.2 86.3 -16.1 1.2 "" "" "" "" 0 Simbad
462 TucV J233646.49-632018.7 3 354.19369 -63.33853 16.7 16.02 57568.7 155.1 -17.1 1.0 6.05 0.32 "" "" 0 Simbad
463 TucV J233649.07-631738.1 3 354.20444 -63.29392 19.23 18.57 57283.3 11.8 -16.8 1.8 "" "" "" "" 0 Simbad
464 TucV J233649.07-631738.1 3 354.20444 -63.29392 19.23 18.57 57312.2 18.5 -15.6 1.5 "" "" "" "" 0 Simbad
465 TucV J233649.07-631738.1 3 354.20444 -63.29392 19.23 18.57 57568.7 31.9 -14.9 1.1 5.46 0.44 "" "" 0 Simbad
466 TucV J233652.04-631849.2 2 354.21685 -63.31367 19.87 19.6 57312.2 6.3 -18.9 2.3 4.04 0.78 "" "" 0 Simbad
467 TucV J233652.04-631849.2 2 354.21685 -63.31367 19.87 19.6 57568.7 12.8 -16.2 1.6 2.68 0.68 "" "" 0 Simbad
468 TucV J233653.85-631703.9 1 354.22436 -63.28442 21.06 20.62 57568.7 5.0 -36.8 3.5 "" "" "" "" 1 Simbad
469 TucV J233655.57-631830.3 1 354.23154 -63.30841 20.92 20.46 57568.7 6.3 50.9 2.4 2.55 0.7 "" "" 0 Simbad
470 TucV J233707.00-631807.1 2 354.27915 -63.30198 20.6 20.14 57312.2 4.3 4.5 6.0 3.68 1.85 "" "" 0 Simbad
471 TucV J233707.00-631807.1 2 354.27915 -63.30198 20.6 20.14 57568.7 7.8 -2.7 3.3 "" "" "" "" 0 Simbad
472 TucV J233712.54-631902.1 1 354.30225 -63.31726 20.9 20.61 57568.7 5.3 184.1 9.6 3.53 0.68 "" "" 0 Simbad
473 TucV J233717.28-631536.5 2 354.32199 -63.26015 20.6 20.1 57312.2 5.0 -35.9 4.1 "" "" "" "" 1 Simbad
474 TucV J233717.28-631536.5 2 354.32199 -63.26015 20.6 20.1 57568.7 9.8 -33.9 1.5 1.77 0.44 -2.62 0.29 1 Simbad
475 TucV J233722.59-631749.6 1 354.34412 -63.29712 21.13 20.62 57568.7 6.2 40.8 2.3 4.69 0.6 "" "" 0 Simbad
476 TucV J233732.50-631428.5 1 354.38543 -63.24125 20.73 20.48 57568.7 6.2 223.1 5.4 "" "" "" "" 0 Simbad
477 TucV J233737.97-631159.5 3 354.4082 -63.19987 20.43 19.94 57283.3 4.2 127.1 8.6 5.23 0.96 "" "" 0 Simbad
478 TucV J233737.97-631159.5 3 354.4082 -63.19987 20.43 19.94 57312.2 6.7 122.6 3.6 3.47 0.76 "" "" 0 Simbad
479 TucV J233737.97-631159.5 3 354.4082 -63.19987 20.43 19.94 57568.7 13.0 128.8 1.9 5.06 0.53 "" "" 0 Simbad
480 TucV J233744.80-631750.5 3 354.43665 -63.29735 19.22 18.74 57283.3 10.5 15.9 1.8 4.88 0.61 "" "" 0 Simbad
481 TucV J233744.80-631750.5 3 354.43665 -63.29735 19.22 18.74 57312.2 15.5 12.3 1.5 5.57 0.5 "" "" 0 Simbad
482 TucV J233744.80-631750.5 3 354.43665 -63.29735 19.22 18.74 57568.7 22.1 13.7 1.2 5.77 0.45 "" "" 0 Simbad
483 TucV J233746.30-631329.1 3 354.44292 -63.22475 19.42 18.85 57283.3 11.0 -37.1 1.6 3.16 0.74 -2.15 0.35 1 Simbad
484 TucV J233746.30-631329.1 3 354.44292 -63.22475 19.42 18.85 57312.2 16.7 -37.4 1.4 3.67 0.52 -1.92 0.24 1 Simbad
485 TucV J233746.30-631329.1 3 354.44292 -63.22475 19.42 18.85 57568.7 31.3 -37.7 1.1 3.76 0.38 -1.87 0.18 1 Simbad
486 TucV J233746.86-631441.6 2 354.44523 -63.2449 20.77 19.94 57312.2 5.6 -54.2 2.2 4.82 1.18 "" "" 0 Simbad
487 TucV J233746.86-631441.6 2 354.44523 -63.2449 20.77 19.94 57568.7 13.0 -58.1 1.7 5.33 0.55 "" "" 0 Simbad
488 TucV J233747.80-631228.6 3 354.44915 -63.20794 20.09 19.52 57283.3 6.6 107.7 3.4 4.54 1.03 "" "" 0 Simbad
489 TucV J233747.80-631228.6 3 354.44915 -63.20794 20.09 19.52 57312.2 8.9 113.4 2.1 "" "" "" "" 0 Simbad
490 TucV J233747.80-631228.6 3 354.44915 -63.20794 20.09 19.52 57568.7 18.0 110.4 1.4 4.7 0.52 "" "" 0 Simbad
491 TucV J233750.05-631137.9 1 354.45855 -63.19386 21.17 20.57 57568.7 8.0 332.6 2.2 4.66 0.61 "" "" 0 Simbad
492 TucV J233755.82-631322.1 1 354.48259 -63.22281 20.91 20.63 57568.7 5.6 223.7 6.2 "" "" "" "" 0 Simbad
493 TucV J233759.93-631136.7 3 354.4997 -63.19351 18.31 17.65 57283.3 25.4 50.2 1.4 6.11 0.4 "" "" 0 Simbad
494 TucV J233759.93-631136.7 3 354.4997 -63.19351 18.31 17.65 57312.2 38.6 48.6 1.3 5.62 0.36 "" "" 0 Simbad
495 TucV J233759.93-631136.7 3 354.4997 -63.19351 18.31 17.65 57568.7 72.4 49.0 1.0 5.88 0.33 "" "" 0 Simbad
496 TucV J233760.00-631442.2 3 354.5 -63.24505 19.15 18.69 57283.3 11.0 41.2 2.2 "" "" "" "" 0 Simbad
497 TucV J233760.00-631442.2 3 354.5 -63.24505 19.15 18.69 57312.2 16.7 42.9 1.8 5.65 0.49 "" "" 0 Simbad
498 TucV J233760.00-631442.2 3 354.5 -63.24505 19.15 18.69 57568.7 30.5 40.9 1.1 5.97 0.38 "" "" 0 Simbad
499 TucV J233813.91-631537.8 3 354.55794 -63.26051 19.86 18.88 57283.3 11.7 73.7 2.2 5.68 0.59 "" "" 0 Simbad
500 TucV J233813.91-631537.8 3 354.55794 -63.26051 19.86 18.88 57312.2 17.6 74.6 1.5 5.1 0.47 "" "" 0 Simbad
501 TucV J233813.91-631537.8 3 354.55794 -63.26051 19.86 18.88 57568.7 23.8 73.9 1.2 5.56 0.42 "" "" 0 Simbad
502 TucV J233814.15-631047.4 3 354.55897 -63.17983 20.62 19.63 57283.3 6.8 97.6 5.4 "" "" "" "" 0 Simbad
503 TucV J233814.15-631047.4 3 354.55897 -63.17983 20.62 19.63 57312.2 9.3 125.2 5.1 4.94 0.7 "" "" 0 Simbad
504 TucV J233814.15-631047.4 3 354.55897 -63.17983 20.62 19.63 57568.7 20.1 143.4 3.7 5.81 0.61 "" "" 0 Simbad
505 TucV J233814.40-631117.3 1 354.56001 -63.18814 21.19 20.63 57568.7 6.2 286.1 2.7 "" "" "" "" 0 Simbad
506 TucV J233818.71-631138.5 1 354.57795 -63.19403 20.87 20.36 57568.7 7.9 35.2 1.9 4.3 0.83 "" "" 0 Simbad
507 TucV J233821.29-631635.7 2 354.58871 -63.2766 18.49 17.7 57312.2 32.8 19.7 1.3 6.73 0.41 "" "" 0 Simbad
508 TucV J233821.29-631635.7 2 354.58871 -63.2766 18.49 17.7 57568.7 62.3 21.1 1.0 6.88 0.35 "" "" 0 Simbad
509 TucV J233822.94-631457.4 2 354.59556 -63.24928 21.2 20.39 57312.2 4.1 48.3 5.0 "" "" "" "" 0 Simbad
510 TucV J233822.94-631457.4 2 354.59556 -63.24928 21.2 20.39 57568.7 8.4 35.4 1.9 6.83 0.56 "" "" 0 Simbad
511 TucV J233824.42-631618.0 1 354.60174 -63.27168 21.26 20.75 57568.7 4.0 28.4 4.3 6.09 1.12 "" "" 0 Simbad
512 TucV J233836.38-631544.0 3 354.65157 -63.26221 17.79 17.19 57283.3 25.6 -26.5 1.3 6.08 0.38 "" "" 0 Simbad
513 TucV J233836.38-631544.0 3 354.65157 -63.26221 17.79 17.19 57312.2 37.0 -26.2 1.2 6.15 0.38 "" "" 0 Simbad
514 TucV J233836.38-631544.0 3 354.65157 -63.26221 17.79 17.19 57568.7 79.9 -26.1 1.0 6.74 0.33 "" "" 0 Simbad
515 TucV J233837.27-631441.7 1 354.6553 -63.24491 20.33 20.04 57568.7 7.1 267.2 5.3 "" "" "" "" 0 Simbad
